SFV_Am_put FV_Eur_put FV_Am_call FV_Eur_call 
0.1 99.9 95.0239 0 0 
0.2 99.8 94.9249 0 0 
0.3 99.7 94.8259 0 0 
0.4 99.6 94.7269 0 0 
0.5 99.5 94.6279 0 0 
0.6 99.4 94.5289 0 0 
0.7 99.3 94.4299 5.25597e-31 5.25597e-31 
0.8 99.2 94.3309 1.0644e-28 1.0644e-28 
0.9 99.1 94.2319 6.9977e-27 6.9977e-27 
1 99 94.1329 2.56598e-25 2.56598e-25 
1.1 98.9 94.0339 6.2583e-24 6.2583e-24 
1.2 98.8 93.9349 1.09299e-22 1.09299e-22 
1.3 98.7 93.8359 1.38696e-21 1.38696e-21 
1.4 98.6 93.7369 1.18377e-20 1.18377e-20 
1.5 98.5 93.6379 3.47623e-20 3.47623e-20 
1.6 98.4 93.5389 2.76834e-19 2.76834e-19 
1.7 98.3 93.4399 1.41902e-18 1.41902e-18 
1.8 98.2 93.3409 3.7675e-18 3.7675e-18 
1.9 98.1 93.2418 1.83961e-17 1.83961e-17 
2 98 93.1428 3.86885e-17 3.86885e-17 
2.1 97.9 93.0438 1.6317e-16 1.6317e-16 
2.2 97.8 92.9448 3.20899e-16 3.20899e-16 
2.3 97.7 92.8458 1.07905e-15 1.07905e-15 
2.4 97.6 92.7468 2.19099e-15 2.19099e-15 
2.5 97.5 92.6478 4.9747e-15 4.9747e-15 
2.6 97.4 92.5488 1.21334e-14 1.21334e-14 
2.7 97.3 92.4498 1.92921e-14 1.92921e-14 
2.8 97.2 92.3508 5.02395e-14 5.02395e-14 
2.9 97.1 92.2518 9.25742e-14 9.25742e-14 
3 97 92.1528 1.34909e-13 1.34909e-13 
3.1 96.9 92.0538 3.28773e-13 3.28773e-13 
3.2 96.8 91.9548 5.59902e-13 5.59902e-13 
3.3 96.7 91.8558 7.91031e-13 7.91031e-13 
3.4 96.6 91.7568 1.6106e-12 1.6106e-12 
3.5 96.5 91.6578 2.78064e-12 2.78064e-12 
3.6 96.4 91.5588 3.95068e-12 3.95068e-12 
3.7 96.3 91.4598 5.62812e-12 5.62812e-12 
3.8 96.2 91.3608 1.11411e-11 1.11411e-11 
3.9 96.1 91.2617 1.66542e-11 1.66542e-11 
4 96 91.1627 2.21672e-11 2.21672e-11 
4.1 95.9 91.0637 3.21381e-11 3.21381e-11 
4.2 95.8 90.9647 5.6398e-11 5.6398e-11 
4.3 95.7 90.8657 8.06579e-11 8.06579e-11 
4.4 95.6 90.7667 1.04918e-10 1.04918e-10 
4.5 95.5 90.6677 1.29178e-10 1.29178e-10 
4.6 95.4 90.5687 2.25451e-10 2.25451e-10 
4.7 95.3 90.4697 3.25451e-10 3.25451e-10 
4.8 95.2 90.3707 4.2545e-10 4.2545e-10 
4.9 95.1 90.2717 5.2545e-10 5.2545e-10 
5 95 90.1727 6.86594e-10 6.86594e-10 
5.1 94.9 90.0737 1.07375e-09 1.07375e-09 
5.2 94.8 89.9747 1.4609e-09 1.4609e-09 
5.3 94.7 89.8757 1.84805e-09 1.84805e-09 
5.4 94.6 89.7767 2.23521e-09 2.23521e-09 
5.5 94.5 89.6777 2.62236e-09 2.62236e-09 
5.6 94.4 89.5787 4.00978e-09 4.00978e-09 
5.7 94.3 89.4797 5.42098e-09 5.42098e-09 
5.8 94.2 89.3807 6.83218e-09 6.83218e-09 
5.9 94.1 89.2816 8.24338e-09 8.24338e-09 
6 94 89.1826 9.65458e-09 9.65458e-09 
6.1 93.9 89.0836 1.17196e-08 1.17196e-08 
6.2 93.8 88.9846 1.65732e-08 1.65732e-08 
6.3 93.7 88.8856 2.14268e-08 2.14268e-08 
6.4 93.6 88.7866 2.62804e-08 2.62804e-08 
6.5 93.5 88.6876 3.11339e-08 3.11339e-08 
6.6 93.4 88.5886 3.59875e-08 3.59875e-08 
6.7 93.3 88.4896 4.08411e-08 4.08411e-08 
6.8 93.2 88.3906 5.43773e-08 5.43773e-08 
6.9 93.1 88.2916 7.01593e-08 7.01593e-08 
7 93 88.1926 8.59414e-08 8.59414e-08 
7.1 92.9 88.0936 1.01724e-07 1.01724e-07 
7.2 92.8 87.9946 1.17506e-07 1.17506e-07 
7.3 92.7 87.8956 1.33288e-07 1.33288e-07 
7.4 92.6 87.7966 1.4907e-07 1.4907e-07 
7.5 92.5 87.6976 1.88695e-07 1.88695e-07 
7.6 92.4 87.5986 2.373e-07 2.373e-07 
7.7 92.3 87.4996 2.85905e-07 2.85905e-07 
7.8 92.2 87.4006 3.3451e-07 3.3451e-07 
7.9 92.1 87.3015 3.83115e-07 3.83115e-07 
8 92 87.2025 4.31719e-07 4.31719e-07 
8.1 91.9 87.1035 4.80324e-07 4.80324e-07 
8.2 91.8 87.0045 5.28929e-07 5.28929e-07 
8.3 91.7 86.9055 6.63002e-07 6.63002e-07 
8.4 91.6 86.8065 8.05015e-07 8.05015e-07 
8.5 91.5 86.7075 9.47028e-07 9.47028e-07 
8.6 91.4 86.6085 1.08904e-06 1.08904e-06 
8.7 91.3 86.5095 1.23105e-06 1.23105e-06 
8.8 91.2 86.4105 1.37307e-06 1.37307e-06 
8.9 91.1 86.3115 1.51508e-06 1.51508e-06 
9 91 86.2125 1.65709e-06 1.65709e-06 
9.1 90.9 86.1135 1.87025e-06 1.87025e-06 
9.2 90.8 86.0145 2.2645e-06 2.2645e-06 
9.3 90.7 85.9155 2.65874e-06 2.65874e-06 
9.4 90.6 85.8165 3.05299e-06 3.05299e-06 
9.5 90.5 85.7175 3.44724e-06 3.44724e-06 
9.6 90.4 85.6185 3.84149e-06 3.84149e-06 
9.7 90.3 85.5195 4.23574e-06 4.23574e-06 
9.8 90.2 85.4205 4.62999e-06 4.62999e-06 
9.9 90.1 85.3215 5.02424e-06 5.02424e-06 
10 90 85.2224 5.41848e-06 5.41848e-06 
10.1 89.9 85.1234 6.29238e-06 6.29238e-06 
10.2 89.8 85.0244 7.33378e-06 7.33378e-06 
10.3 89.7 84.9254 8.37519e-06 8.37519e-06 
10.4 89.6 84.8264 9.41659e-06 9.41659e-06 
10.5 89.5 84.7274 1.0458e-05 1.0458e-05 
10.6 89.4 84.6284 1.14994e-05 1.14994e-05 
10.7 89.3 84.5294 1.25408e-05 1.25408e-05 
10.8 89.2 84.4304 1.35822e-05 1.35822e-05 
10.9 89.1 84.3314 1.46236e-05 1.46236e-05 
11 89 84.2324 1.5665e-05 1.5665e-05 
11.1 88.9 84.1334 1.70173e-05 1.70173e-05 
11.2 88.8 84.0344 1.96382e-05 1.96382e-05 
11.3 88.7 83.9354 2.22591e-05 2.22591e-05 
11.4 88.6 83.8364 2.48799e-05 2.48799e-05 
11.5 88.5 83.7374 2.75008e-05 2.75008e-05 
11.6 88.4 83.6384 3.01217e-05 3.01217e-05 
11.7 88.3 83.5394 3.27426e-05 3.27426e-05 
11.8 88.2 83.4404 3.53634e-05 3.53634e-05 
11.9 88.1 83.3414 3.79843e-05 3.79843e-05 
12 88 83.2424 4.06052e-05 4.06052e-05 
12.1 87.9 83.1434 4.3226e-05 4.3226e-05 
12.2 87.8 83.0444 4.58469e-05 4.58469e-05 
12.3 87.7 82.9454 5.04632e-05 5.04632e-05 
12.4 87.6 82.8464 5.6755e-05 5.6755e-05 
12.5 87.5 82.7474 6.30468e-05 6.30468e-05 
12.6 87.4 82.6484 6.93387e-05 6.93387e-05 
12.7 87.3 82.5494 7.56305e-05 7.56305e-05 
12.8 87.2 82.4504 8.19223e-05 8.19223e-05 
12.9 87.1 82.3514 8.82141e-05 8.82141e-05 
13 87 82.2524 9.45059e-05 9.45059e-05 
13.1 86.9 82.1534 0.000100798 0.000100798 
13.2 86.8 82.0544 0.00010709 0.00010709 
13.3 86.7 81.9554 0.000113381 0.000113381 
13.4 86.6 81.8564 0.000119673 0.000119673 
13.5 86.5 81.7574 0.000125965 0.000125965 
13.6 86.4 81.6584 0.000137663 0.000137663 
13.7 86.3 81.5594 0.000152088 0.000152088 
13.8 86.2 81.4604 0.000166513 0.000166513 
13.9 86.1 81.3614 0.000180938 0.000180938 
14 86 81.2624 0.000195362 0.000195362 
14.1 85.9 81.1634 0.000209787 0.000209787 
14.2 85.8 81.0645 0.000224212 0.000224212 
14.3 85.7 80.9655 0.000238637 0.000238637 
14.4 85.6 80.8665 0.000253062 0.000253062 
14.5 85.5 80.7675 0.000267486 0.000267486 
14.6 85.4 80.6685 0.000281911 0.000281911 
14.7 85.3 80.5695 0.000296336 0.000296336 
14.8 85.2 80.4705 0.000310761 0.000310761 
14.9 85.1 80.3715 0.000325186 0.000325186 
15 85 80.2725 0.000347027 0.000347027 
15.1 84.9 80.1736 0.000378643 0.000378643 
15.2 84.8 80.0746 0.00041026 0.00041026 
15.3 84.7 79.9756 0.000441877 0.000441877 
15.4 84.6 79.8766 0.000473493 0.000473493 
15.5 84.5 79.7777 0.00050511 0.00050511 
15.6 84.4 79.6787 0.000536727 0.000536727 
15.7 84.3 79.5797 0.000568343 0.000568343 
15.8 84.2 79.4808 0.00059996 0.00059996 
15.9 84.1 79.3818 0.000631577 0.000631577 
16 84 79.2828 0.000663193 0.000663193 
16.1 83.9 79.1838 0.00069481 0.00069481 
16.2 83.8 79.0849 0.000726427 0.000726427 
16.3 83.7 78.9859 0.000758043 0.000758043 
16.4 83.6 78.8869 0.00078966 0.00078966 
16.5 83.5 78.7879 0.000821277 0.000821277 
16.6 83.4 78.689 0.000877224 0.000877224 
16.7 83.3 78.5901 0.000943542 0.000943542 
16.8 83.2 78.4911 0.00100986 0.00100986 
16.9 83.1 78.3922 0.00107618 0.00107618 
17 83 78.2932 0.0011425 0.0011425 
17.1 82.9 78.1943 0.00120882 0.00120882 
17.2 82.8 78.0954 0.00127514 0.00127514 
17.3 82.7 77.9964 0.00134146 0.00134146 
17.4 82.6 77.8975 0.00140777 0.00140777 
17.5 82.5 77.7985 0.00147409 0.00147409 
17.6 82.4 77.6996 0.00154041 0.00154041 
17.7 82.3 77.6007 0.00160673 0.00160673 
17.8 82.2 77.5017 0.00167305 0.00167305 
17.9 82.1 77.4028 0.00173937 0.00173937 
18 82 77.3039 0.00180569 0.00180569 
18.1 81.9 77.2049 0.00187201 0.00187201 
18.2 81.8 77.106 0.00193832 0.00193832 
18.3 81.7 77.0071 0.00202583 0.00202583 
18.4 81.6 76.9082 0.00215909 0.00215909 
18.5 81.5 76.8093 0.00229235 0.00229235 
18.6 81.4 76.7104 0.00242561 0.00242561 
18.7 81.3 76.6116 0.00255886 0.00255886 
18.8 81.2 76.5127 0.00269212 0.00269212 
18.9 81.1 76.4138 0.00282538 0.00282538 
19 81 76.315 0.00295864 0.00295864 
19.1 80.9 76.2161 0.0030919 0.0030919 
19.2 80.8 76.1172 0.00322516 0.00322516 
19.3 80.7 76.0183 0.00335842 0.00335842 
19.4 80.6 75.9195 0.00349168 0.00349168 
19.5 80.5 75.8206 0.00362494 0.00362494 
19.6 80.4 75.7217 0.00375819 0.00375819 
19.7 80.3 75.6229 0.00389145 0.00389145 
19.8 80.2 75.524 0.00402471 0.00402471 
19.9 80.1 75.4251 0.00415797 0.00415797 
20 80 75.3262 0.00429123 0.00429123 
20.1 79.9 75.2274 0.00442449 0.00442449 
20.2 79.8 75.1285 0.00457053 0.00457053 
20.3 79.7 75.0298 0.00482727 0.00482727 
20.4 79.6 74.931 0.00508402 0.00508402 
20.5 79.5 74.8323 0.00534076 0.00534076 
20.6 79.4 74.7335 0.00559751 0.00559751 
20.7 79.3 74.6348 0.00585425 0.00585425 
20.8 79.2 74.536 0.00611099 0.00611099 
20.9 79.1 74.4373 0.00636774 0.00636774 
21 79 74.3385 0.00662448 0.00662448 
21.1 78.9 74.2398 0.00688123 0.00688123 
21.2 78.8 74.141 0.00713797 0.00713797 
21.3 78.7 74.0423 0.00739472 0.00739472 
21.4 78.6 73.9435 0.00765146 0.00765146 
21.5 78.5 73.8448 0.00790821 0.00790821 
21.6 78.4 73.746 0.00816495 0.00816495 
21.7 78.3 73.6473 0.0084217 0.0084217 
21.8 78.2 73.5485 0.00867844 0.00867844 
21.9 78.1 73.4498 0.00893519 0.00893519 
22 78 73.351 0.00919193 0.00919193 
22.1 77.9 73.2523 0.00944868 0.00944868 
22.2 77.8 73.1535 0.00970542 0.00970542 
22.3 77.7 73.0548 0.00996217 0.00996217 
22.4 77.6 72.9562 0.0104085 0.0104085 
22.5 77.5 72.8577 0.0108833 0.0108833 
22.6 77.4 72.7592 0.011358 0.011358 
22.7 77.3 72.6606 0.0118327 0.0118327 
22.8 77.2 72.5621 0.0123074 0.0123074 
22.9 77.1 72.4636 0.0127822 0.0127822 
23 77 72.3651 0.0132569 0.0132569 
23.1 76.9 72.2665 0.0137316 0.0137316 
23.2 76.8 72.168 0.0142064 0.0142064 
23.3 76.7 72.0695 0.0146811 0.0146811 
23.4 76.6 71.9709 0.0151558 0.0151558 
23.5 76.5 71.8724 0.0156306 0.0156306 
23.6 76.4 71.7739 0.0161053 0.0161053 
23.7 76.3 71.6753 0.01658 0.01658 
23.8 76.2 71.5768 0.0170548 0.0170548 
23.9 76.1 71.4783 0.0175295 0.0175295 
24 76 71.3798 0.0180042 0.0180042 
24.1 75.9 71.2812 0.0184789 0.0184789 
24.2 75.8 71.1827 0.0189537 0.0189537 
24.3 75.7 71.0842 0.0194284 0.0194284 
24.4 75.6 70.9856 0.0199031 0.0199031 
24.5 75.5 70.8871 0.0203779 0.0203779 
24.6 75.4 70.7886 0.0208526 0.0208526 
24.7 75.3 70.6902 0.0214758 0.0214758 
24.8 75.2 70.592 0.022319 0.022319 
24.9 75.1 70.4939 0.0231622 0.0231622 
25 75 70.3957 0.0240054 0.0240054 
25.1 74.9 70.2975 0.0248485 0.0248485 
25.2 74.8 70.1994 0.0256917 0.0256917 
25.3 74.7 70.1012 0.0265349 0.0265349 
25.4 74.6 70.0031 0.0273781 0.0273781 
25.5 74.5 69.9049 0.0282212 0.0282212 
25.6 74.4 69.8067 0.0290644 0.0290644 
25.7 74.3 69.7086 0.0299076 0.0299076 
25.8 74.2 69.6104 0.0307508 0.0307508 
25.9 74.1 69.5122 0.0315939 0.0315939 
26 74 69.4141 0.0324371 0.0324371 
26.1 73.9 69.3159 0.0332803 0.0332803 
26.2 73.8 69.2178 0.0341235 0.0341235 
26.3 73.7 69.1196 0.0349666 0.0349666 
26.4 73.6 69.0214 0.0358098 0.0358098 
26.5 73.5 68.9233 0.036653 0.036653 
26.6 73.4 68.8251 0.0374962 0.0374962 
26.7 73.3 68.727 0.0383394 0.0383394 
26.8 73.2 68.6288 0.0391825 0.0391825 
26.9 73.1 68.5306 0.0400257 0.0400257 
27 73 68.4325 0.0408689 0.0408689 
27.1 72.9 68.3343 0.0417121 0.0417121 
27.2 72.8 68.2361 0.0425552 0.0425552 
27.3 72.7 68.1383 0.0436777 0.0436777 
27.4 72.6 68.0407 0.0451175 0.0451175 
27.5 72.5 67.9431 0.0465573 0.0465573 
27.6 72.4 67.8456 0.0479971 0.0479971 
27.7 72.3 67.748 0.0494369 0.0494369 
27.8 72.2 67.6504 0.0508767 0.0508767 
27.9 72.1 67.5529 0.0523164 0.0523164 
28 72 67.4553 0.0537562 0.0537562 
28.1 71.9 67.3577 0.055196 0.055196 
28.2 71.8 67.2602 0.0566358 0.0566358 
28.3 71.7 67.1626 0.0580756 0.0580756 
28.4 71.6 67.065 0.0595153 0.0595153 
28.5 71.5 66.9675 0.0609551 0.0609551 
28.6 71.4 66.8699 0.0623949 0.0623949 
28.7 71.3 66.7723 0.0638347 0.0638347 
28.8 71.2 66.6748 0.0652745 0.0652745 
28.9 71.1 66.5772 0.0667143 0.0667143 
29 71 66.4797 0.068154 0.068154 
29.1 70.9 66.3821 0.0695938 0.0695938 
29.2 70.8 66.2845 0.0710336 0.0710336 
29.3 70.7 66.187 0.0724734 0.0724734 
29.4 70.6 66.0894 0.0739132 0.0739132 
29.5 70.5 65.9918 0.0753529 0.0753529 
29.6 70.4 65.8943 0.0767927 0.0767927 
29.7 70.3 65.7967 0.0782325 0.0782325 
29.8 70.2 65.6991 0.0796723 0.0796723 
29.9 70.1 65.6016 0.0811121 0.0811121 
30 70 65.504 0.0825519 0.0825519 
30.1 69.9 65.4064 0.0839916 0.0839916 
30.2 69.8 65.3096 0.0861775 0.0861775 
30.3 69.7 65.213 0.0885432 0.0885432 
30.4 69.6 65.1163 0.0909089 0.0909089 
30.5 69.5 65.0197 0.0932747 0.0932747 
30.6 69.4 64.9231 0.0956404 0.0956404 
30.7 69.3 64.8264 0.0980061 0.0980061 
30.8 69.2 64.7298 0.100372 0.100372 
30.9 69.1 64.6331 0.102738 0.102738 
31 69 64.5365 0.105103 0.105103 
31.1 68.9 64.4399 0.107469 0.107469 
31.2 68.8 64.3432 0.109835 0.109835 
31.3 68.7 64.2466 0.1122 0.1122 
31.4 68.6 64.1499 0.114566 0.114566 
31.5 68.5 64.0533 0.116932 0.116932 
31.6 68.4 63.9567 0.119298 0.119298 
31.7 68.3 63.86 0.121663 0.121663 
31.8 68.2 63.7634 0.124029 0.124029 
31.9 68.1 63.6667 0.126395 0.126395 
32 68 63.5701 0.12876 0.12876 
32.1 67.9 63.4735 0.131126 0.131126 
32.2 67.8 63.3768 0.133492 0.133492 
32.3 67.7 63.2802 0.135858 0.135858 
32.4 67.6 63.1836 0.138223 0.138223 
32.5 67.5 63.0869 0.140589 0.140589 
32.6 67.4 62.9903 0.142955 0.142955 
32.7 67.3 62.8936 0.14532 0.14532 
32.8 67.2 62.797 0.147686 0.147686 
32.9 67.1 62.7004 0.150052 0.150052 
33 67 62.6037 0.152418 0.152418 
33.1 66.9 62.5071 0.154783 0.154783 
33.2 66.8 62.4104 0.157149 0.157149 
33.3 66.7 62.314 0.159692 0.159692 
33.4 66.6 62.2187 0.163436 0.163436 
33.5 66.5 62.1235 0.16718 0.16718 
33.6 66.4 62.0282 0.170923 0.170923 
33.7 66.3 61.9329 0.174667 0.174667 
33.8 66.2 61.8377 0.178411 0.178411 
33.9 66.1 61.7424 0.182154 0.182154 
34 66 61.6471 0.185898 0.185898 
34.1 65.9 61.5519 0.189642 0.189642 
34.2 65.8 61.4566 0.193385 0.193385 
34.3 65.7 61.3614 0.197129 0.197129 
34.4 65.6 61.2661 0.200873 0.200873 
34.5 65.5 61.1708 0.204617 0.204617 
34.6 65.4 61.0756 0.20836 0.20836 
34.7 65.3 60.9803 0.212104 0.212104 
34.8 65.2 60.8851 0.215848 0.215848 
34.9 65.1 60.7898 0.219591 0.219591 
35 65 60.6945 0.223335 0.223335 
35.1 64.9 60.5993 0.227079 0.227079 
35.2 64.8 60.504 0.230822 0.230822 
35.3 64.7 60.4087 0.234566 0.234566 
35.4 64.6 60.3135 0.23831 0.23831 
35.5 64.5 60.2182 0.242053 0.242053 
35.6 64.4 60.123 0.245797 0.245797 
35.7 64.3 60.0277 0.249541 0.249541 
35.8 64.2 59.9324 0.253284 0.253284 
35.9 64.1 59.8372 0.257028 0.257028 
36 64 59.7419 0.260772 0.260772 
36.1 63.9 59.6467 0.264516 0.264516 
36.2 63.8 59.5514 0.268259 0.268259 
36.3 63.7 59.4561 0.272003 0.272003 
36.4 63.6 59.3609 0.275747 0.275747 
36.5 63.5 59.2656 0.27949 0.27949 
36.6 63.4 59.1704 0.283234 0.283234 
36.7 63.3 59.0751 0.286978 0.286978 
36.8 63.2 58.9801 0.290959 0.290959 
36.9 63.1 58.8868 0.296669 0.296669 
37 63 58.7935 0.30238 0.30238 
37.1 62.9 58.7002 0.308091 0.308091 
37.2 62.8 58.6069 0.313802 0.313802 
37.3 62.7 58.5136 0.319513 0.319513 
37.4 62.6 58.4203 0.325224 0.325224 
37.5 62.5 58.327 0.330935 0.330935 
37.6 62.4 58.2337 0.336646 0.336646 
37.7 62.3 58.1404 0.342356 0.342356 
37.8 62.2 58.0471 0.348067 0.348067 
37.9 62.1 57.9538 0.353778 0.353778 
38 62 57.8605 0.359489 0.359489 
38.1 61.9 57.7672 0.3652 0.3652 
38.2 61.8 57.6739 0.370911 0.370911 
38.3 61.7 57.5807 0.376622 0.376622 
38.4 61.6 57.4874 0.382333 0.382333 
38.5 61.5 57.3941 0.388043 0.388043 
38.6 61.4 57.3008 0.393754 0.393754 
38.7 61.3 57.2075 0.399465 0.399465 
38.8 61.2 57.1142 0.405176 0.405176 
38.9 61.1 57.0209 0.410887 0.410887 
39 61 56.9276 0.416598 0.416598 
39.1 60.9 56.8343 0.422309 0.422309 
39.2 60.8 56.741 0.42802 0.42802 
39.3 60.7 56.6477 0.43373 0.43373 
39.4 60.6 56.5544 0.439441 0.439441 
39.5 60.5 56.4611 0.445152 0.445152 
39.6 60.4 56.3678 0.450863 0.450863 
39.7 60.3 56.2745 0.456574 0.456574 
39.8 60.2 56.1812 0.462285 0.462285 
39.9 60.1 56.0879 0.467996 0.467996 
40 60 55.9947 0.473707 0.473707 
40.1 59.9 55.9014 0.479417 0.479417 
40.2 59.8 55.8081 0.485128 0.485128 
40.3 59.7 55.7148 0.490839 0.490839 
40.4 59.6 55.6215 0.49655 0.49655 
40.5 59.5 55.5282 0.502261 0.502261 
40.6 59.4 55.4349 0.507972 0.507972 
40.7 59.3 55.3428 0.514842 0.514842 
40.8 59.2 55.2522 0.523248 0.523248 
40.9 59.1 55.1616 0.531654 0.531654 
41 59 55.071 0.54006 0.54006 
41.1 58.9 54.9804 0.548466 0.548466 
41.2 58.8 54.8898 0.556871 0.556871 
41.3 58.7 54.7992 0.565277 0.565277 
41.4 58.6 54.7086 0.573683 0.573683 
41.5 58.5 54.618 0.582089 0.582089 
41.6 58.4 54.5274 0.590495 0.590495 
41.7 58.3 54.4368 0.598901 0.598901 
41.8 58.2 54.3462 0.607306 0.607306 
41.9 58.1 54.2556 0.615712 0.615712 
42 58 54.165 0.624118 0.624118 
42.1 57.9 54.0744 0.632524 0.632524 
42.2 57.8 53.9838 0.64093 0.64093 
42.3 57.7 53.8932 0.649335 0.649335 
42.4 57.6 53.8026 0.657741 0.657741 
42.5 57.5 53.712 0.666147 0.666147 
42.6 57.4 53.6214 0.674553 0.674553 
42.7 57.3 53.5308 0.682959 0.682959 
42.8 57.2 53.4402 0.691364 0.691364 
42.9 57.1 53.3496 0.69977 0.69977 
43 57 53.259 0.708176 0.708176 
43.1 56.9 53.1684 0.716582 0.716582 
43.2 56.8 53.0778 0.724988 0.724988 
43.3 56.7 52.9872 0.733393 0.733393 
43.4 56.6 52.8966 0.741799 0.741799 
43.5 56.5 52.806 0.750205 0.750205 
43.6 56.4 52.7154 0.758611 0.758611 
43.7 56.3 52.6248 0.767017 0.767017 
43.8 56.2 52.5342 0.775423 0.775423 
43.9 56.1 52.4436 0.783828 0.783828 
44 56 52.353 0.792234 0.792234 
44.1 55.9 52.2624 0.80064 0.80064 
44.2 55.8 52.1718 0.809046 0.809046 
44.3 55.7 52.0812 0.817452 0.817452 
44.4 55.6 51.9906 0.825857 0.825857 
44.5 55.5 51.9 0.834263 0.834263 
44.6 55.4 51.8094 0.842669 0.842669 
44.7 55.3 51.7188 0.851075 0.851075 
44.8 55.2 51.6282 0.859481 0.859481 
44.9 55.1 51.5376 0.867886 0.867886 
45 55 51.4494 0.87867 0.87867 
45.1 54.9 51.3623 0.89062 0.89062 
45.2 54.8 51.2753 0.90257 0.90257 
45.3 54.7 51.1882 0.91452 0.91452 
45.4 54.6 51.1011 0.926469 0.926469 
45.5 54.5 51.0141 0.938419 0.938419 
45.6 54.4 50.927 0.950369 0.950369 
45.7 54.3 50.84 0.962319 0.962319 
45.8 54.2 50.7529 0.974268 0.974268 
45.9 54.1 50.6659 0.986218 0.986218 
46 54 50.5788 0.998168 0.998168 
46.1 53.9 50.4918 1.01012 1.01012 
46.2 53.8 50.4047 1.02207 1.02207 
46.3 53.7 50.3177 1.03402 1.03402 
46.4 53.6 50.2306 1.04597 1.04597 
46.5 53.5 50.1435 1.05792 1.05792 
46.6 53.4 50.0565 1.06987 1.06987 
46.7 53.3 49.9694 1.08182 1.08182 
46.8 53.2 49.8824 1.09377 1.09377 
46.9 53.1 49.7953 1.10572 1.10572 
47 53 49.7083 1.11767 1.11767 
47.1 52.9 49.6212 1.12962 1.12962 
47.2 52.8 49.5342 1.14156 1.14156 
47.3 52.7 49.4471 1.15351 1.15351 
47.4 52.6 49.36 1.16546 1.16546 
47.5 52.5 49.273 1.17741 1.17741 
47.6 52.4 49.1859 1.18936 1.18936 
47.7 52.3 49.0989 1.20131 1.20131 
47.8 52.2 49.0118 1.21326 1.21326 
47.9 52.1 48.9248 1.22521 1.22521 
48 52 48.8377 1.23716 1.23716 
48.1 51.9 48.7507 1.24911 1.24911 
48.2 51.8 48.6636 1.26106 1.26106 
48.3 51.7 48.5765 1.27301 1.27301 
48.4 51.6 48.4895 1.28496 1.28496 
48.5 51.5 48.4024 1.29691 1.29691 
48.6 51.4 48.3154 1.30886 1.30886 
48.7 51.3 48.2283 1.32081 1.32081 
48.8 51.2 48.1413 1.33276 1.33276 
48.9 51.1 48.0542 1.34471 1.34471 
49 51 47.9672 1.35666 1.35666 
49.1 50.9 47.8801 1.36861 1.36861 
49.2 50.801 47.7931 1.38056 1.38056 
49.3 50.7032 47.706 1.39251 1.39251 
49.4 50.6055 47.6189 1.40446 1.40446 
49.5 50.5083 47.5319 1.41641 1.41641 
49.6 50.411 47.4448 1.42836 1.42836 
49.7 50.3141 47.3596 1.44216 1.44216 
49.8 50.2177 47.277 1.45859 1.45859 
49.9 50.1215 47.1945 1.47501 1.47501 
50 50.0254 47.1119 1.49144 1.49144 
50.1 49.9294 47.0293 1.50786 1.50786 
50.2 49.8335 46.9467 1.52429 1.52429 
50.3 49.7376 46.8641 1.54071 1.54071 
50.4 49.6419 46.7816 1.55714 1.55714 
50.5 49.5462 46.699 1.57356 1.57356 
50.6 49.4505 46.6164 1.58999 1.58999 
50.7 49.3549 46.5338 1.60641 1.60641 
50.8 49.2594 46.4512 1.62283 1.62283 
50.9 49.1639 46.3687 1.63926 1.63926 
51 49.0684 46.2861 1.65568 1.65568 
51.1 48.973 46.2035 1.67211 1.67211 
51.2 48.8776 46.1209 1.68853 1.68853 
51.3 48.7822 46.0383 1.70496 1.70496 
51.4 48.6869 45.9558 1.72138 1.72138 
51.5 48.5916 45.8732 1.73781 1.73781 
51.6 48.4964 45.7906 1.75423 1.75423 
51.7 48.4011 45.708 1.77066 1.77066 
51.8 48.3068 45.6254 1.78708 1.78708 
51.9 48.2128 45.5429 1.80351 1.80351 
52 48.1191 45.4603 1.81993 1.81993 
52.1 48.0257 45.3777 1.83635 1.83635 
52.2 47.9324 45.2951 1.85278 1.85278 
52.3 47.8394 45.2125 1.8692 1.8692 
52.4 47.7465 45.13 1.88563 1.88563 
52.5 47.6538 45.0474 1.90205 1.90205 
52.6 47.5612 44.9648 1.91848 1.91848 
52.7 47.4686 44.8822 1.9349 1.9349 
52.8 47.3762 44.7996 1.95133 1.95133 
52.9 47.2838 44.7171 1.96775 1.96775 
53 47.1916 44.6345 1.98418 1.98418 
53.1 47.0994 44.5519 2.0006 2.0006 
53.2 47.0072 44.4693 2.01703 2.01703 
53.3 46.9152 44.3867 2.03345 2.03345 
53.4 46.8232 44.3042 2.04988 2.04987 
53.5 46.7312 44.2216 2.0663 2.0663 
53.6 46.6393 44.139 2.08272 2.08272 
53.7 46.5475 44.0564 2.09915 2.09915 
53.8 46.4557 43.9738 2.11557 2.11557 
53.9 46.3639 43.8913 2.132 2.132 
54 46.2722 43.8087 2.14842 2.14842 
54.1 46.1805 43.7261 2.16485 2.16485 
54.2 46.0889 43.6435 2.18127 2.18127 
54.3 45.9972 43.5609 2.1977 2.1977 
54.4 45.9056 43.4784 2.21412 2.21412 
54.5 45.8141 43.3958 2.23055 2.23055 
54.6 45.7227 43.3132 2.24697 2.24697 
54.7 45.6316 43.2306 2.2634 2.26339 
54.8 45.5407 43.148 2.27982 2.27982 
54.9 45.4501 43.0665 2.29727 2.29727 
55 45.3609 42.9893 2.31912 2.31912 
55.1 45.2721 42.9122 2.34097 2.34097 
55.2 45.1837 42.835 2.36282 2.36282 
55.3 45.0955 42.7579 2.38467 2.38467 
55.4 45.0075 42.6807 2.40652 2.40652 
55.5 44.9197 42.6036 2.42837 2.42837 
55.6 44.8319 42.5264 2.45023 2.45023 
55.7 44.7444 42.4492 2.47208 2.47208 
55.8 44.657 42.3721 2.49393 2.49393 
55.9 44.5697 42.2949 2.51578 2.51578 
56 44.4825 42.2178 2.53763 2.53763 
56.1 44.3954 42.1406 2.55948 2.55948 
56.2 44.3084 42.0635 2.58133 2.58133 
56.3 44.2215 41.9863 2.60319 2.60319 
56.4 44.1346 41.9092 2.62504 2.62504 
56.5 44.0479 41.832 2.64689 2.64689 
56.6 43.9612 41.7549 2.66874 2.66874 
56.7 43.8747 41.6777 2.69059 2.69059 
56.8 43.7882 41.6006 2.71244 2.71244 
56.9 43.7018 41.5234 2.73429 2.73429 
57 43.6154 41.4462 2.75614 2.75614 
57.1 43.5291 41.3691 2.778 2.778 
57.2 43.4428 41.2919 2.79985 2.79985 
57.3 43.3566 41.2148 2.8217 2.8217 
57.4 43.2705 41.1376 2.84355 2.84355 
57.5 43.1846 41.0605 2.8654 2.8654 
57.6 43.0988 40.9833 2.88725 2.88725 
57.7 43.0131 40.9062 2.9091 2.9091 
57.8 42.9277 40.829 2.93096 2.93096 
57.9 42.8423 40.7519 2.95281 2.95281 
58 42.7571 40.6747 2.97466 2.97466 
58.1 42.6721 40.5976 2.99651 2.99651 
58.2 42.587 40.5204 3.01836 3.01836 
58.3 42.5023 40.4432 3.04021 3.04021 
58.4 42.4175 40.3661 3.06206 3.06206 
58.5 42.3328 40.2889 3.08391 3.08391 
58.6 42.2483 40.2118 3.10577 3.10577 
58.7 42.1639 40.1346 3.12762 3.12762 
58.8 42.0794 40.0575 3.14947 3.14947 
58.9 41.9951 39.9803 3.17132 3.17132 
59 41.9109 39.9032 3.19317 3.19317 
59.1 41.8267 39.826 3.21502 3.21502 
59.2 41.7427 39.7489 3.23687 3.23687 
59.3 41.6587 39.6717 3.25873 3.25873 
59.4 41.5747 39.5946 3.28058 3.28058 
59.5 41.4908 39.5174 3.30243 3.30243 
59.6 41.407 39.4403 3.32428 3.32428 
59.7 41.3232 39.3631 3.34613 3.34613 
59.8 41.2394 39.2859 3.36798 3.36798 
59.9 41.1558 39.2088 3.38983 3.38983 
60 41.0721 39.1316 3.41168 3.41168 
60.1 40.9885 39.0545 3.43354 3.43354 
60.2 40.905 38.9773 3.45539 3.45539 
60.3 40.8215 38.9002 3.47724 3.47724 
60.4 40.738 38.823 3.49909 3.49909 
60.5 40.6545 38.7459 3.52094 3.52094 
60.6 40.5711 38.6687 3.54279 3.54279 
60.7 40.4887 38.5945 3.56761 3.56761 
60.8 40.4079 38.5237 3.59578 3.59578 
60.9 40.3277 38.4529 3.62396 3.62396 
61 40.2477 38.382 3.65213 3.65213 
61.1 40.168 38.3112 3.6803 3.6803 
61.2 40.0885 38.2404 3.70848 3.70848 
61.3 40.0091 38.1695 3.73665 3.73665 
61.4 39.9297 38.0987 3.76482 3.76482 
61.5 39.8506 38.0279 3.793 3.793 
61.6 39.7717 37.957 3.82117 3.82117 
61.7 39.6928 37.8862 3.84934 3.84934 
61.8 39.6141 37.8154 3.87752 3.87752 
61.9 39.5355 37.7445 3.90569 3.90569 
62 39.4569 37.6737 3.93386 3.93386 
62.1 39.3784 37.6029 3.96204 3.96204 
62.2 39.3001 37.5321 3.99021 3.99021 
62.3 39.2218 37.4612 4.01838 4.01838 
62.4 39.1437 37.3904 4.04656 4.04656 
62.5 39.0656 37.3196 4.07473 4.07473 
62.6 38.9876 37.2487 4.1029 4.1029 
62.7 38.9098 37.1779 4.13108 4.13108 
62.8 38.832 37.1071 4.15925 4.15925 
62.9 38.7542 37.0362 4.18742 4.18742 
63 38.6766 36.9654 4.2156 4.2156 
63.1 38.599 36.8946 4.24377 4.24377 
63.2 38.5214 36.8237 4.27194 4.27194 
63.3 38.444 36.7529 4.30012 4.30012 
63.4 38.3666 36.6821 4.32829 4.32829 
63.5 38.2892 36.6112 4.35646 4.35646 
63.6 38.2119 36.5404 4.38464 4.38464 
63.7 38.1346 36.4696 4.41281 4.41281 
63.8 38.0574 36.3987 4.44098 4.44098 
63.9 37.9803 36.3279 4.46916 4.46916 
64 37.9033 36.2571 4.49733 4.49733 
64.1 37.8264 36.1862 4.5255 4.5255 
64.2 37.7495 36.1154 4.55368 4.55367 
64.3 37.6727 36.0446 4.58185 4.58185 
64.4 37.5961 35.9738 4.61002 4.61002 
64.5 37.5195 35.9029 4.63819 4.63819 
64.6 37.443 35.8321 4.66637 4.66637 
64.7 37.3665 35.7613 4.69454 4.69454 
64.8 37.2901 35.6904 4.72271 4.72271 
64.9 37.2138 35.6196 4.75089 4.75089 
65 37.1375 35.5488 4.77906 4.77906 
65.1 37.0613 35.4779 4.80723 4.80723 
65.2 36.9852 35.4071 4.83541 4.83541 
65.3 36.9091 35.3363 4.86358 4.86358 
65.4 36.8331 35.2654 4.89175 4.89175 
65.5 36.7572 35.1946 4.91993 4.91993 
65.6 36.6813 35.1238 4.9481 4.9481 
65.7 36.6054 35.0529 4.97627 4.97627 
65.8 36.5297 34.9821 5.00445 5.00445 
65.9 36.454 34.9113 5.03262 5.03262 
66 36.3782 34.8404 5.06079 5.06079 
66.1 36.3026 34.7696 5.08897 5.08897 
66.2 36.227 34.6988 5.11714 5.11714 
66.3 36.1515 34.628 5.14531 5.14531 
66.4 36.076 34.5571 5.17349 5.17349 
66.5 36.0005 34.4863 5.20166 5.20166 
66.6 35.9251 34.4155 5.22983 5.22983 
66.7 35.8497 34.3446 5.25801 5.25801 
66.8 35.7743 34.2738 5.28618 5.28618 
66.9 35.699 34.203 5.31435 5.31435 
67 35.6237 34.1321 5.34253 5.34253 
67.1 35.5502 34.0661 5.37551 5.37551 
67.2 35.4784 34.0024 5.41076 5.41076 
67.3 35.4074 33.9386 5.44601 5.44601 
67.4 35.3364 33.8748 5.48126 5.48126 
67.5 35.2657 33.8111 5.51651 5.51651 
67.6 35.1951 33.7473 5.55176 5.55176 
67.7 35.1247 33.6836 5.58701 5.58701 
67.8 35.0543 33.6198 5.62226 5.62225 
67.9 34.984 33.5561 5.6575 5.6575 
68 34.9139 33.4923 5.69275 5.69275 
68.1 34.8439 33.4286 5.728 5.728 
68.2 34.774 33.3648 5.76325 5.76325 
68.3 34.7042 33.301 5.7985 5.7985 
68.4 34.6345 33.2373 5.83375 5.83375 
68.5 34.5648 33.1735 5.869 5.869 
68.6 34.4952 33.1098 5.90425 5.90425 
68.7 34.4256 33.046 5.9395 5.9395 
68.8 34.3562 32.9823 5.97475 5.97475 
68.9 34.2868 32.9185 6.01 6.01 
69 34.2176 32.8547 6.04525 6.04525 
69.1 34.1483 32.791 6.0805 6.0805 
69.2 34.0792 32.7272 6.11574 6.11574 
69.3 34.0102 32.6635 6.15099 6.15099 
69.4 33.9413 32.5997 6.18624 6.18624 
69.5 33.8724 32.536 6.22149 6.22149 
69.6 33.8035 32.4722 6.25674 6.25674 
69.7 33.7347 32.4085 6.29199 6.29199 
69.8 33.666 32.3447 6.32724 6.32724 
69.9 33.5973 32.2809 6.36249 6.36249 
70 33.5287 32.2172 6.39774 6.39774 
70.1 33.4602 32.1534 6.43299 6.43299 
70.2 33.3916 32.0897 6.46824 6.46824 
70.3 33.3231 32.0259 6.50349 6.50349 
70.4 33.2546 31.9622 6.53874 6.53874 
70.5 33.1862 31.8984 6.57399 6.57398 
70.6 33.1179 31.8347 6.60923 6.60923 
70.7 33.0496 31.7709 6.64448 6.64448 
70.8 32.9814 31.7071 6.67973 6.67973 
70.9 32.9132 31.6434 6.71498 6.71498 
71 32.845 31.5796 6.75023 6.75023 
71.1 32.7769 31.5159 6.78548 6.78548 
71.2 32.709 31.4521 6.82073 6.82073 
71.3 32.641 31.3884 6.85598 6.85598 
71.4 32.573 31.3246 6.89123 6.89123 
71.5 32.5051 31.2609 6.92648 6.92648 
71.6 32.4373 31.1971 6.96173 6.96173 
71.7 32.3695 31.1333 6.99698 6.99698 
71.8 32.3018 31.0696 7.03223 7.03222 
71.9 32.234 31.0058 7.06747 7.06747 
72 32.1663 30.9421 7.10272 7.10272 
72.1 32.0987 30.8783 7.13797 7.13797 
72.2 32.0312 30.8146 7.17322 7.17322 
72.3 31.9637 30.7508 7.20847 7.20847 
72.4 31.8962 30.6871 7.24372 7.24372 
72.5 31.8288 30.6233 7.27897 7.27897 
72.6 31.7614 30.5595 7.31422 7.31422 
72.7 31.694 30.4958 7.34947 7.34947 
72.8 31.6267 30.432 7.38472 7.38472 
72.9 31.5594 30.3683 7.41997 7.41997 
73 31.4921 30.3045 7.45522 7.45522 
73.1 31.4249 30.2408 7.49047 7.49046 
73.2 31.3577 30.177 7.52572 7.52571 
73.3 31.2906 30.1133 7.56096 7.56096 
73.4 31.2234 30.0495 7.59621 7.59621 
73.5 31.1564 29.9857 7.63146 7.63146 
73.6 31.0893 29.922 7.66671 7.66671 
73.7 31.0223 29.8582 7.70196 7.70196 
73.8 30.9553 29.7945 7.73721 7.73721 
73.9 30.8882 29.7307 7.77246 7.77246 
74 30.8213 29.667 7.80771 7.80771 
74.1 30.7549 29.6046 7.84434 7.84434 
74.2 30.6916 29.5484 7.8872 7.8872 
74.3 30.6292 29.4923 7.93006 7.93006 
74.4 30.5674 29.4362 7.97292 7.97292 
74.5 30.5057 29.38 8.01578 8.01578 
74.6 30.4442 29.3239 8.05864 8.05864 
74.7 30.3829 29.2677 8.1015 8.1015 
74.8 30.3217 29.2116 8.14436 8.14436 
74.9 30.2606 29.1554 8.18722 8.18722 
75 30.1994 29.0993 8.23008 8.23008 
75.1 30.1383 29.0431 8.27294 8.27294 
75.2 30.0775 28.987 8.3158 8.3158 
75.3 30.0167 28.9308 8.35866 8.35866 
75.4 29.956 28.8747 8.40152 8.40152 
75.5 29.8953 28.8186 8.44438 8.44438 
75.6 29.8347 28.7624 8.48724 8.48724 
75.7 29.7741 28.7063 8.5301 8.5301 
75.8 29.7136 28.6501 8.57296 8.57296 
75.9 29.653 28.594 8.61582 8.61582 
76 29.5926 28.5378 8.65868 8.65868 
76.1 29.5323 28.4817 8.70154 8.70154 
76.2 29.472 28.4255 8.7444 8.7444 
76.3 29.4118 28.3694 8.78726 8.78726 
76.4 29.3516 28.3133 8.83012 8.83012 
76.5 29.2916 28.2571 8.87298 8.87298 
76.6 29.2316 28.201 8.91584 8.91584 
76.7 29.1716 28.1448 8.9587 8.9587 
76.8 29.1117 28.0887 9.00156 9.00156 
76.9 29.0518 28.0325 9.04442 9.04442 
77 28.9919 27.9764 9.08728 9.08728 
77.1 28.9321 27.9202 9.13014 9.13014 
77.2 28.8724 27.8641 9.173 9.173 
77.3 28.8127 27.8079 9.21586 9.21586 
77.4 28.753 27.7518 9.25872 9.25872 
77.5 28.6934 27.6957 9.30158 9.30158 
77.6 28.6337 27.6395 9.34444 9.34444 
77.7 28.5741 27.5834 9.3873 9.3873 
77.8 28.5145 27.5272 9.43016 9.43016 
77.9 28.455 27.4711 9.47302 9.47301 
78 28.3956 27.4149 9.51588 9.51587 
78.1 28.3361 27.3588 9.55874 9.55873 
78.2 28.2768 27.3026 9.6016 9.60159 
78.3 28.2174 27.2465 9.64446 9.64445 
78.4 28.1581 27.1903 9.68732 9.68731 
78.5 28.0988 27.1342 9.73018 9.73017 
78.6 28.0396 27.0781 9.77304 9.77303 
78.7 27.9804 27.0219 9.8159 9.81589 
78.8 27.9213 26.9658 9.85876 9.85875 
78.9 27.8621 26.9096 9.90162 9.90161 
79 27.803 26.8535 9.94448 9.94447 
79.1 27.7439 26.7973 9.98734 9.98733 
79.2 27.6849 26.7412 10.0302 10.0302 
79.3 27.6259 26.685 10.0731 10.0731 
79.4 27.5669 26.6289 10.1159 10.1159 
79.5 27.5079 26.5728 10.1588 10.1588 
79.6 27.449 26.5166 10.2016 10.2016 
79.7 27.3901 26.4605 10.2445 10.2445 
79.8 27.3313 26.4043 10.2874 10.2874 
79.9 27.2725 26.3482 10.3302 10.3302 
80 27.2137 26.292 10.3731 10.3731 
80.1 27.1549 26.2359 10.4159 10.4159 
80.2 27.0961 26.1797 10.4588 10.4588 
80.3 27.0374 26.1236 10.5017 10.5017 
80.4 26.9787 26.0674 10.5445 10.5445 
80.5 26.9201 26.0113 10.5874 10.5874 
80.6 26.8614 25.9552 10.6302 10.6302 
80.7 26.8028 25.899 10.6731 10.6731 
80.8 26.7442 25.8429 10.716 10.716 
80.9 26.6856 25.7867 10.7588 10.7588 
81 26.627 25.7306 10.8017 10.8017 
81.1 26.5685 25.6744 10.8445 10.8445 
81.2 26.51 25.6183 10.8874 10.8874 
81.3 26.4515 25.5621 10.9303 10.9302 
81.4 26.3931 25.506 10.9731 10.9731 
81.5 26.3346 25.4499 11.016 11.016 
81.6 26.2761 25.3937 11.0588 11.0588 
81.7 26.2177 25.3376 11.1017 11.1017 
81.8 26.1593 25.2814 11.1446 11.1445 
81.9 26.1018 25.2274 11.1895 11.1895 
82 26.0476 25.1791 11.2403 11.2403 
82.1 25.9942 25.1308 11.291 11.291 
82.2 25.9415 25.0826 11.3417 11.3417 
82.3 25.8888 25.0343 11.3924 11.3924 
82.4 25.8364 24.986 11.4432 11.4432 
82.5 25.7842 24.9377 11.4939 11.4939 
82.6 25.7321 24.8894 11.5446 11.5446 
82.7 25.6801 24.8412 11.5953 11.5953 
82.8 25.628 24.7929 11.6461 11.6461 
82.9 25.576 24.7446 11.6968 11.6968 
83 25.5241 24.6963 11.7475 11.7475 
83.1 25.4723 24.648 11.7982 11.7982 
83.2 25.4206 24.5998 11.849 11.849 
83.3 25.369 24.5515 11.8997 11.8997 
83.4 25.3173 24.5032 11.9504 11.9504 
83.5 25.2658 24.4549 12.0012 12.0012 
83.6 25.2142 24.4067 12.0519 12.0519 
83.7 25.1627 24.3584 12.1026 12.1026 
83.8 25.1112 24.3101 12.1533 12.1533 
83.9 25.0597 24.2618 12.2041 12.2041 
84 25.0083 24.2135 12.2548 12.2548 
84.1 24.957 24.1653 12.3055 12.3055 
84.2 24.9057 24.117 12.3562 12.3562 
84.3 24.8544 24.0687 12.407 12.407 
84.4 24.8032 24.0204 12.4577 12.4577 
84.5 24.7521 23.9721 12.5084 12.5084 
84.6 24.701 23.9239 12.5591 12.5591 
84.7 24.65 23.8756 12.6099 12.6099 
84.8 24.599 23.8273 12.6606 12.6606 
84.9 24.548 23.779 12.7113 12.7113 
85 24.497 23.7308 12.7621 12.762 
85.1 24.4461 23.6825 12.8128 12.8128 
85.2 24.3952 23.6342 12.8635 12.8635 
85.3 24.3443 23.5859 12.9142 12.9142 
85.4 24.2935 23.5376 12.965 12.965 
85.5 24.2427 23.4894 13.0157 13.0157 
85.6 24.1919 23.4411 13.0664 13.0664 
85.7 24.1411 23.3928 13.1171 13.1171 
85.8 24.0903 23.3445 13.1679 13.1679 
85.9 24.0396 23.2962 13.2186 13.2186 
86 23.9889 23.248 13.2693 13.2693 
86.1 23.9382 23.1997 13.32 13.32 
86.2 23.8876 23.1514 13.3708 13.3708 
86.3 23.8369 23.1031 13.4215 13.4215 
86.4 23.7864 23.0549 13.4722 13.4722 
86.5 23.7358 23.0066 13.5229 13.5229 
86.6 23.6853 22.9583 13.5737 13.5737 
86.7 23.6348 22.91 13.6244 13.6244 
86.8 23.5843 22.8617 13.6751 13.6751 
86.9 23.5339 22.8135 13.7259 13.7259 
87 23.4835 22.7652 13.7766 13.7766 
87.1 23.4331 22.7169 13.8273 13.8273 
87.2 23.3828 22.6686 13.878 13.878 
87.3 23.3324 22.6203 13.9288 13.9288 
87.4 23.282 22.5721 13.9795 13.9795 
87.5 23.2317 22.5238 14.0302 14.0302 
87.6 23.1815 22.4755 14.0809 14.0809 
87.7 23.1312 22.4272 14.1317 14.1317 
87.8 23.0809 22.379 14.1824 14.1824 
87.9 23.0307 22.3307 14.2331 14.2331 
88 22.9804 22.2824 14.2838 14.2838 
88.1 22.9303 22.2341 14.3346 14.3346 
88.2 22.8802 22.1858 14.3853 14.3853 
88.3 22.83 22.1376 14.436 14.436 
88.4 22.7799 22.0893 14.4868 14.4867 
88.5 22.7298 22.041 14.5375 14.5375 
88.6 22.6797 21.9927 14.5882 14.5882 
88.7 22.6296 21.9444 14.6389 14.6389 
88.8 22.5796 21.8962 14.6897 14.6897 
88.9 22.5295 21.8479 14.7404 14.7404 
89 22.4795 21.7996 14.7911 14.7911 
89.1 22.4295 21.7513 14.8418 14.8418 
89.2 22.3795 21.7031 14.8926 14.8926 
89.3 22.3295 21.6548 14.9433 14.9433 
89.4 22.2795 21.6065 14.994 14.994 
89.5 22.2296 21.5582 15.0447 15.0447 
89.6 22.1797 21.5099 15.0955 15.0955 
89.7 22.1298 21.4617 15.1462 15.1462 
89.8 22.0799 21.4134 15.1969 15.1969 
89.9 22.03 21.3651 15.2477 15.2476 
90 21.9801 21.3168 15.2984 15.2984 
90.1 21.9302 21.2685 15.3491 15.3491 
90.2 21.8803 21.2203 15.3998 15.3998 
90.3 21.8304 21.172 15.4506 15.4505 
90.4 21.7806 21.1237 15.5013 15.5013 
90.5 21.7313 21.0767 15.5533 15.5533 
90.6 21.6856 21.0362 15.6118 15.6118 
90.7 21.6409 20.9958 15.6704 15.6704 
90.8 21.5969 20.9553 15.7289 15.7289 
90.9 21.5531 20.9149 15.7874 15.7874 
91 21.5093 20.8744 15.846 15.846 
91.1 21.4658 20.8339 15.9045 15.9045 
91.2 21.4225 20.7935 15.9631 15.9631 
91.3 21.3792 20.753 16.0216 16.0216 
91.4 21.3359 20.7125 16.0802 16.0801 
91.5 21.2927 20.6721 16.1387 16.1387 
91.6 21.2494 20.6316 16.1972 16.1972 
91.7 21.2063 20.5911 16.2558 16.2558 
91.8 21.1633 20.5507 16.3143 16.3143 
91.9 21.1203 20.5102 16.3729 16.3729 
92 21.0774 20.4698 16.4314 16.4314 
92.1 21.0345 20.4293 16.4899 16.4899 
92.2 20.9917 20.3888 16.5485 16.5485 
92.3 20.9489 20.3484 16.607 16.607 
92.4 20.906 20.3079 16.6656 16.6656 
92.5 20.8632 20.2674 16.7241 16.7241 
92.6 20.8204 20.227 16.7827 16.7826 
92.7 20.7777 20.1865 16.8412 16.8412 
92.8 20.7349 20.146 16.8997 16.8997 
92.9 20.6923 20.1056 16.9583 16.9583 
93 20.6496 20.0651 17.0168 17.0168 
93.1 20.607 20.0247 17.0754 17.0754 
93.2 20.5645 19.9842 17.1339 17.1339 
93.3 20.522 19.9437 17.1924 17.1924 
93.4 20.4795 19.9033 17.251 17.251 
93.5 20.4371 19.8628 17.3095 17.3095 
93.6 20.3947 19.8223 17.3681 17.3681 
93.7 20.3523 19.7819 17.4266 17.4266 
93.8 20.3099 19.7414 17.4852 17.4851 
93.9 20.2676 19.7009 17.5437 17.5437 
94 20.2252 19.6605 17.6022 17.6022 
94.1 20.1829 19.62 17.6608 17.6608 
94.2 20.1406 19.5796 17.7193 17.7193 
94.3 20.0984 19.5391 17.7779 17.7779 
94.4 20.0561 19.4986 17.8364 17.8364 
94.5 20.0139 19.4582 17.8949 17.8949 
94.6 19.9717 19.4177 17.9535 17.9535 
94.7 19.9295 19.3772 18.012 18.012 
94.8 19.8872 19.3368 18.0706 18.0706 
94.9 19.845 19.2963 18.1291 18.1291 
95 19.8028 19.2558 18.1877 18.1876 
95.1 19.7607 19.2154 18.2462 18.2462 
95.2 19.7186 19.1749 18.3047 18.3047 
95.3 19.6765 19.1345 18.3633 18.3633 
95.4 19.6344 19.094 18.4218 18.4218 
95.5 19.5924 19.0535 18.4804 18.4803 
95.6 19.5503 19.0131 18.5389 18.5389 
95.7 19.5083 18.9726 18.5974 18.5974 
95.8 19.4663 18.9321 18.656 18.656 
95.9 19.4243 18.8917 18.7145 18.7145 
96 19.3824 18.8512 18.7731 18.7731 
96.1 19.3404 18.8108 18.8316 18.8316 
96.2 19.2985 18.7703 18.8902 18.8901 
96.3 19.2566 18.7298 18.9487 18.9487 
96.4 19.2147 18.6894 19.0072 19.0072 
96.5 19.1728 18.6489 19.0658 19.0658 
96.6 19.131 18.6084 19.1243 19.1243 
96.7 19.0891 18.568 19.1829 19.1828 
96.8 19.0473 18.5275 19.2414 19.2414 
96.9 19.0055 18.487 19.2999 19.2999 
97 18.9636 18.4466 19.3585 19.3585 
97.1 18.9218 18.4061 19.417 19.417 
97.2 18.88 18.3657 19.4756 19.4756 
97.3 18.8382 18.3252 19.5341 19.5341 
97.4 18.7965 18.2847 19.5927 19.5926 
97.5 18.7548 18.2443 19.6512 19.6512 
97.6 18.7131 18.2038 19.7097 19.7097 
97.7 18.6714 18.1633 19.7683 19.7683 
97.8 18.6297 18.1229 19.8268 19.8268 
97.9 18.588 18.0824 19.8854 19.8853 
98 18.5463 18.0419 19.9439 19.9439 
98.1 18.5046 18.0015 20.0024 20.0024 
98.2 18.463 17.961 20.061 20.061 
98.3 18.4213 17.9206 20.1195 20.1195 
98.4 18.3797 17.8801 20.1781 20.1781 
98.5 18.338 17.8396 20.2366 20.2366 
98.6 18.2964 17.7992 20.2952 20.2951 
98.7 18.2548 17.7587 20.3537 20.3537 
98.8 18.2132 17.7182 20.4122 20.4122 
98.9 18.1716 17.6778 20.4708 20.4708 
99 18.13 17.6373 20.5293 20.5293 
99.1 18.0884 17.5968 20.5879 20.5878 
99.2 18.0469 17.5564 20.6464 20.6464 
99.3 18.0053 17.5159 20.7049 20.7049 
99.4 17.9638 17.4755 20.7635 20.7635 
99.5 17.9222 17.435 20.822 20.822 
99.6 17.8807 17.3945 20.8806 20.8805 
99.7 17.8391 17.3541 20.9391 20.9391 
99.8 17.7976 17.3136 20.9977 20.9976 
99.9 17.7561 17.2731 21.0562 21.0562 
100 17.7145 17.2327 21.1147 21.1147 
100.1 17.6768 17.1997 21.1807 21.1807 
100.2 17.6403 17.1667 21.2467 21.2467 
100.3 17.6043 17.1337 21.3127 21.3127 
100.4 17.5687 17.1007 21.3788 21.3787 
100.5 17.5332 17.0677 21.4448 21.4447 
100.6 17.4977 17.0347 21.5108 21.5107 
100.7 17.4626 17.0017 21.5768 21.5767 
100.8 17.4275 16.9687 21.6428 21.6427 
100.9 17.3925 16.9357 21.7088 21.7087 
101 17.3574 16.9027 21.7748 21.7748 
101.1 17.3224 16.8697 21.8408 21.8408 
101.2 17.2874 16.8367 21.9068 21.9068 
101.3 17.2524 16.8037 21.9728 21.9728 
101.4 17.2175 16.7707 22.0388 22.0388 
101.5 17.1827 16.7377 22.1048 22.1048 
101.6 17.148 16.7047 22.1708 22.1708 
101.7 17.1133 16.6717 22.2368 22.2368 
101.8 17.0786 16.6387 22.3028 22.3028 
101.9 17.0439 16.6056 22.3688 22.3688 
102 17.0092 16.5726 22.4348 22.4348 
102.1 16.9746 16.5396 22.5008 22.5008 
102.2 16.9399 16.5066 22.5668 22.5668 
102.3 16.9052 16.4736 22.6328 22.6328 
102.4 16.8706 16.4406 22.6988 22.6988 
102.5 16.836 16.4076 22.7648 22.7648 
102.6 16.8014 16.3746 22.8308 22.8308 
102.7 16.7669 16.3416 22.8968 22.8968 
102.8 16.7323 16.3086 22.9628 22.9628 
102.9 16.6979 16.2756 23.0288 23.0288 
103 16.6634 16.2426 23.0949 23.0948 
103.1 16.629 16.2096 23.1609 23.1608 
103.2 16.5946 16.1766 23.2269 23.2268 
103.3 16.5603 16.1436 23.2929 23.2928 
103.4 16.526 16.1106 23.3589 23.3588 
103.5 16.4916 16.0776 23.4249 23.4248 
103.6 16.4573 16.0446 23.4909 23.4908 
103.7 16.423 16.0116 23.5569 23.5569 
103.8 16.3887 15.9786 23.6229 23.6229 
103.9 16.3544 15.9456 23.6889 23.6889 
104 16.3202 15.9126 23.7549 23.7549 
104.1 16.2859 15.8796 23.8209 23.8209 
104.2 16.2517 15.8466 23.8869 23.8869 
104.3 16.2175 15.8136 23.9529 23.9529 
104.4 16.1833 15.7806 24.0189 24.0189 
104.5 16.1491 15.7476 24.0849 24.0849 
104.6 16.1149 15.7146 24.1509 24.1509 
104.7 16.0807 15.6816 24.2169 24.2169 
104.8 16.0465 15.6486 24.2829 24.2829 
104.9 16.0123 15.6156 24.3489 24.3489 
105 15.9781 15.5826 24.4149 24.4149 
105.1 15.9439 15.5496 24.4809 24.4809 
105.2 15.9098 15.5166 24.5469 24.5469 
105.3 15.8757 15.4836 24.6129 24.6129 
105.4 15.8416 15.4506 24.6789 24.6789 
105.5 15.8075 15.4176 24.745 24.7449 
105.6 15.7734 15.3846 24.811 24.8109 
105.7 15.7394 15.3516 24.877 24.8769 
105.8 15.7053 15.3186 24.943 24.9429 
105.9 15.6713 15.2856 25.009 25.0089 
106 15.6373 15.2526 25.075 25.0749 
106.1 15.6033 15.2196 25.141 25.1409 
106.2 15.5693 15.1866 25.207 25.2069 
106.3 15.5353 15.1536 25.273 25.2729 
106.4 15.5014 15.1206 25.339 25.339 
106.5 15.4674 15.0876 25.405 25.405 
106.6 15.4334 15.0546 25.471 25.471 
106.7 15.3995 15.0216 25.537 25.537 
106.8 15.3655 14.9886 25.603 25.603 
106.9 15.3316 14.9556 25.669 25.669 
107 15.2977 14.9226 25.735 25.735 
107.1 15.2638 14.8896 25.801 25.801 
107.2 15.2299 14.8566 25.867 25.867 
107.3 15.196 14.8236 25.933 25.933 
107.4 15.1621 14.7906 25.999 25.999 
107.5 15.1282 14.7576 26.065 26.065 
107.6 15.0944 14.7246 26.131 26.131 
107.7 15.0605 14.6916 26.197 26.197 
107.8 15.0267 14.6586 26.263 26.263 
107.9 14.9929 14.6256 26.329 26.329 
108 14.959 14.5926 26.395 26.395 
108.1 14.9252 14.5596 26.4611 26.461 
108.2 14.8914 14.5266 26.5271 26.527 
108.3 14.8576 14.4936 26.5931 26.593 
108.4 14.8238 14.4606 26.6591 26.659 
108.5 14.79 14.4276 26.7251 26.725 
108.6 14.7562 14.3946 26.7911 26.791 
108.7 14.7224 14.3616 26.8571 26.857 
108.8 14.6887 14.3286 26.9231 26.923 
108.9 14.6549 14.2956 26.9891 26.989 
109 14.6211 14.2626 27.0551 27.055 
109.1 14.5874 14.2296 27.1211 27.121 
109.2 14.5536 14.1966 27.1871 27.1871 
109.3 14.5199 14.1636 27.2531 27.2531 
109.4 14.4861 14.1306 27.3191 27.3191 
109.5 14.4524 14.0976 27.3851 27.3851 
109.6 14.4187 14.0645 27.4511 27.4511 
109.7 14.3849 14.0315 27.5171 27.5171 
109.8 14.3512 13.9985 27.5831 27.5831 
109.9 14.3175 13.9655 27.6491 27.6491 
110 14.2838 13.9325 27.7151 27.7151 
110.1 14.2501 13.8995 27.7811 27.7811 
110.2 14.2163 13.8665 27.8471 27.8471 
110.3 14.1826 13.8335 27.9131 27.9131 
110.4 14.1489 13.8005 27.9791 27.9791 
110.5 14.1152 13.7675 28.0451 28.0451 
110.6 14.0843 13.7402 28.1168 28.1168 
110.7 14.0553 13.7141 28.1897 28.1896 
110.8 14.0265 13.6879 28.2625 28.2625 
110.9 13.9984 13.6618 28.3354 28.3353 
111 13.9703 13.6356 28.4082 28.4082 
111.1 13.9423 13.6095 28.4811 28.481 
111.2 13.9143 13.5833 28.5539 28.5539 
111.3 13.8867 13.5571 28.6268 28.6267 
111.4 13.8591 13.531 28.6997 28.6996 
111.5 13.8315 13.5048 28.7725 28.7725 
111.6 13.8039 13.4787 28.8454 28.8453 
111.7 13.7763 13.4525 28.9182 28.9182 
111.8 13.7487 13.4264 28.9911 28.991 
111.9 13.7211 13.4002 29.0639 29.0639 
112 13.6936 13.3741 29.1368 29.1367 
112.1 13.6662 13.3479 29.2096 29.2096 
112.2 13.6388 13.3218 29.2825 29.2824 
112.3 13.6114 13.2956 29.3553 29.3553 
112.4 13.5841 13.2695 29.4282 29.4281 
112.5 13.5568 13.2433 29.501 29.501 
112.6 13.5295 13.2172 29.5739 29.5738 
112.7 13.5021 13.191 29.6467 29.6467 
112.8 13.4749 13.1649 29.7196 29.7195 
112.9 13.4476 13.1387 29.7924 29.7924 
113 13.4203 13.1125 29.8653 29.8652 
113.1 13.393 13.0864 29.9381 29.9381 
113.2 13.3657 13.0602 30.011 30.0109 
113.3 13.3384 13.0341 30.0839 30.0838 
113.4 13.3112 13.0079 30.1567 30.1566 
113.5 13.284 12.9818 30.2296 30.2295 
113.6 13.2568 12.9556 30.3024 30.3024 
113.7 13.2296 12.9295 30.3753 30.3752 
113.8 13.2025 12.9033 30.4481 30.4481 
113.9 13.1754 12.8772 30.521 30.5209 
114 13.1483 12.851 30.5938 30.5938 
114.1 13.1212 12.8249 30.6667 30.6666 
114.2 13.0942 12.7987 30.7395 30.7395 
114.3 13.0672 12.7726 30.8124 30.8123 
114.4 13.0401 12.7464 30.8852 30.8852 
114.5 13.0131 12.7203 30.9581 30.958 
114.6 12.9861 12.6941 31.0309 31.0309 
114.7 12.959 12.668 31.1038 31.1037 
114.8 12.932 12.6418 31.1766 31.1766 
114.9 12.905 12.6156 31.2495 31.2494 
115 12.878 12.5895 31.3224 31.3223 
115.1 12.8511 12.5633 31.3952 31.3951 
115.2 12.8241 12.5372 31.4681 31.468 
115.3 12.7971 12.511 31.5409 31.5408 
115.4 12.7702 12.4849 31.6138 31.6137 
115.5 12.7432 12.4587 31.6866 31.6865 
115.6 12.7163 12.4326 31.7595 31.7594 
115.7 12.6893 12.4064 31.8323 31.8322 
115.8 12.6624 12.3803 31.9052 31.9051 
115.9 12.6354 12.3541 31.978 31.978 
116 12.6085 12.328 32.0509 32.0508 
116.1 12.5816 12.3018 32.1237 32.1237 
116.2 12.5547 12.2757 32.1966 32.1965 
116.3 12.5278 12.2495 32.2694 32.2694 
116.4 12.5009 12.2234 32.3423 32.3422 
116.5 12.474 12.1972 32.4151 32.4151 
116.6 12.4471 12.1711 32.488 32.4879 
116.7 12.4203 12.1449 32.5608 32.5608 
116.8 12.3934 12.1187 32.6337 32.6336 
116.9 12.3665 12.0926 32.7066 32.7065 
117 12.3397 12.0664 32.7794 32.7793 
117.1 12.3129 12.0403 32.8523 32.8522 
117.2 12.2861 12.0141 32.9251 32.925 
117.3 12.2593 11.988 32.998 32.9979 
117.4 12.2325 11.9618 33.0708 33.0707 
117.5 12.2057 11.9357 33.1437 33.1436 
117.6 12.1789 11.9095 33.2165 33.2164 
117.7 12.1522 11.8834 33.2894 33.2893 
117.8 12.1254 11.8572 33.3622 33.3621 
117.9 12.0986 11.8311 33.4351 33.435 
118 12.0718 11.8049 33.5079 33.5078 
118.1 12.0451 11.7788 33.5808 33.5807 
118.2 12.0183 11.7526 33.6536 33.6536 
118.3 11.9916 11.7265 33.7265 33.7264 
118.4 11.9649 11.7003 33.7993 33.7993 
118.5 11.9381 11.6741 33.8722 33.8721 
118.6 11.9114 11.648 33.9451 33.945 
118.7 11.8846 11.6218 34.0179 34.0178 
118.8 11.8579 11.5957 34.0908 34.0907 
118.9 11.8312 11.5695 34.1636 34.1635 
119 11.8045 11.5434 34.2365 34.2364 
119.1 11.7778 11.5172 34.3093 34.3092 
119.2 11.7512 11.4911 34.3822 34.3821 
119.3 11.7245 11.4649 34.455 34.4549 
119.4 11.6978 11.4388 34.5279 34.5278 
119.5 11.6711 11.4126 34.6007 34.6006 
119.6 11.6444 11.3865 34.6736 34.6735 
119.7 11.6178 11.3603 34.7464 34.7463 
119.8 11.5911 11.3342 34.8193 34.8192 
119.9 11.5644 11.308 34.8921 34.892 
120 11.5378 11.2819 34.965 34.9649 
120.1 11.5111 11.2557 35.0378 35.0377 
120.2 11.4845 11.2296 35.1107 35.1106 
120.3 11.4578 11.2034 35.1836 35.1835 
120.4 11.4312 11.1772 35.2564 35.2563 
120.5 11.4045 11.1511 35.3293 35.3292 
120.6 11.3779 11.1249 35.4021 35.402 
120.7 11.3512 11.0988 35.475 35.4749 
120.8 11.3246 11.0726 35.5478 35.5477 
120.9 11.298 11.0465 35.6207 35.6206 
121 11.2714 11.0203 35.6935 35.6934 
121.1 11.2448 10.9942 35.7664 35.7663 
121.2 11.2181 10.968 35.8392 35.8391 
121.3 11.1915 10.9419 35.9121 35.912 
121.4 11.1649 10.9157 35.9849 35.9848 
121.5 11.1383 10.8896 36.0578 36.0577 
121.6 11.1117 10.8634 36.1306 36.1305 
121.7 11.085 10.8373 36.2035 36.2034 
121.8 11.0584 10.8111 36.2763 36.2762 
121.9 11.0318 10.785 36.3492 36.3491 
122 11.0052 10.7588 36.4221 36.4219 
122.1 10.9786 10.7327 36.4949 36.4948 
122.2 10.9538 10.7101 36.5714 36.5713 
122.3 10.931 10.69 36.6503 36.6501 
122.4 10.9088 10.6699 36.7292 36.729 
122.5 10.887 10.6498 36.808 36.8079 
122.6 10.8655 10.6297 36.8869 36.8868 
122.7 10.844 10.6095 36.9658 36.9657 
122.8 10.8225 10.5894 37.0447 37.0446 
122.9 10.8011 10.5693 37.1236 37.1235 
123 10.78 10.5492 37.2025 37.2024 
123.1 10.7589 10.5291 37.2814 37.2813 
123.2 10.7377 10.509 37.3603 37.3602 
123.3 10.7166 10.4889 37.4392 37.4391 
123.4 10.6955 10.4688 37.5181 37.518 
123.5 10.6744 10.4487 37.597 37.5969 
123.6 10.6533 10.4285 37.6759 37.6758 
123.7 10.6321 10.4084 37.7548 37.7547 
123.8 10.6111 10.3883 37.8337 37.8335 
123.9 10.5902 10.3682 37.9126 37.9124 
124 10.5692 10.3481 37.9915 37.9913 
124.1 10.5483 10.328 38.0704 38.0702 
124.2 10.5274 10.3079 38.1493 38.1491 
124.3 10.5065 10.2878 38.2281 38.228 
124.4 10.4856 10.2677 38.307 38.3069 
124.5 10.4647 10.2475 38.3859 38.3858 
124.6 10.4438 10.2274 38.4648 38.4647 
124.7 10.4229 10.2073 38.5437 38.5436 
124.8 10.4021 10.1872 38.6226 38.6225 
124.9 10.3812 10.1671 38.7015 38.7014 
125 10.3603 10.147 38.7804 38.7803 
125.1 10.3394 10.1269 38.8593 38.8592 
125.2 10.3186 10.1068 38.9382 38.9381 
125.3 10.2977 10.0867 39.0171 39.017 
125.4 10.2769 10.0665 39.096 39.0958 
125.5 10.2561 10.0464 39.1749 39.1747 
125.6 10.2353 10.0263 39.2538 39.2536 
125.7 10.2146 10.0062 39.3327 39.3325 
125.8 10.1938 9.98609 39.4116 39.4114 
125.9 10.1731 9.96598 39.4905 39.4903 
126 10.1523 9.94587 39.5694 39.5692 
126.1 10.1316 9.92576 39.6482 39.6481 
126.2 10.1109 9.90565 39.7271 39.727 
126.3 10.0902 9.88554 39.806 39.8059 
126.4 10.0696 9.86542 39.8849 39.8848 
126.5 10.0489 9.84531 39.9638 39.9637 
126.6 10.0282 9.8252 40.0427 40.0426 
126.7 10.0075 9.80509 40.1216 40.1215 
126.8 9.98685 9.78498 40.2005 40.2004 
126.9 9.96618 9.76487 40.2794 40.2792 
127 9.94552 9.74476 40.3583 40.3581 
127.1 9.92487 9.72464 40.4372 40.437 
127.2 9.90423 9.70453 40.5161 40.5159 
127.3 9.88359 9.68442 40.595 40.5948 
127.4 9.86296 9.66431 40.6739 40.6737 
127.5 9.84232 9.6442 40.7528 40.7526 
127.6 9.82169 9.62409 40.8317 40.8315 
127.7 9.80106 9.60398 40.9106 40.9104 
127.8 9.78043 9.58386 40.9895 40.9893 
127.9 9.7598 9.56375 41.0683 41.0682 
128 9.73917 9.54364 41.1472 41.1471 
128.1 9.71854 9.52353 41.2261 41.226 
128.2 9.69792 9.50342 41.305 41.3049 
128.3 9.67731 9.48331 41.3839 41.3838 
128.4 9.6567 9.4632 41.4628 41.4627 
128.5 9.63611 9.44308 41.5417 41.5415 
128.6 9.61551 9.42297 41.6206 41.6204 
128.7 9.59492 9.40286 41.6995 41.6993 
128.8 9.57435 9.38275 41.7784 41.7782 
128.9 9.55378 9.36264 41.8573 41.8571 
129 9.53321 9.34253 41.9362 41.936 
129.1 9.51264 9.32241 42.0151 42.0149 
129.2 9.49208 9.3023 42.094 42.0938 
129.3 9.47154 9.28219 42.1729 42.1727 
129.4 9.451 9.26208 42.2518 42.2516 
129.5 9.43046 9.24197 42.3307 42.3305 
129.6 9.40995 9.22186 42.4096 42.4094 
129.7 9.38944 9.20175 42.4885 42.4883 
129.8 9.36892 9.18163 42.5673 42.5672 
129.9 9.34842 9.16152 42.6462 42.6461 
130 9.32791 9.14141 42.7251 42.7249 
130.1 9.30741 9.1213 42.804 42.8038 
130.2 9.2869 9.10119 42.8829 42.8827 
130.3 9.2664 9.08108 42.9618 42.9616 
130.4 9.2459 9.06097 43.0407 43.0405 
130.5 9.2254 9.04085 43.1196 43.1194 
130.6 9.20491 9.02074 43.1985 43.1983 
130.7 9.18442 9.00063 43.2774 43.2772 
130.8 9.16394 8.98052 43.3563 43.3561 
130.9 9.14345 8.96041 43.4352 43.435 
131 9.12297 8.9403 43.5141 43.5139 
131.1 9.10249 8.92019 43.593 43.5928 
131.2 9.082 8.90007 43.6719 43.6717 
131.3 9.06153 8.87996 43.7508 43.7506 
131.4 9.04108 8.85985 43.8297 43.8295 
131.5 9.02063 8.83974 43.9086 43.9084 
131.6 9.00019 8.81963 43.9875 43.9872 
131.7 8.97974 8.79952 44.0663 44.0661 
131.8 8.9593 8.77941 44.1452 44.145 
131.9 8.93886 8.75929 44.2241 44.2239 
132 8.91842 8.73918 44.303 44.3028 
132.1 8.89798 8.71907 44.3819 44.3817 
132.2 8.87755 8.69896 44.4608 44.4606 
132.3 8.85711 8.67885 44.5397 44.5395 
132.4 8.83667 8.65874 44.6186 44.6184 
132.5 8.81624 8.63863 44.6975 44.6973 
132.6 8.79581 8.61851 44.7764 44.7762 
132.7 8.77538 8.5984 44.8553 44.8551 
132.8 8.75495 8.57829 44.9342 44.934 
132.9 8.73453 8.55818 45.0131 45.0129 
133 8.71411 8.53807 45.092 45.0918 
133.1 8.69368 8.51796 45.1709 45.1706 
133.2 8.67326 8.49785 45.2498 45.2495 
133.3 8.65285 8.47773 45.3287 45.3284 
133.4 8.63244 8.45762 45.4076 45.4073 
133.5 8.61203 8.43751 45.4865 45.4862 
133.6 8.59163 8.4174 45.5653 45.5651 
133.7 8.57122 8.39729 45.6442 45.644 
133.8 8.55082 8.37718 45.7231 45.7229 
133.9 8.53041 8.35706 45.802 45.8018 
134 8.51001 8.33695 45.8809 45.8807 
134.1 8.48961 8.31684 45.9598 45.9596 
134.2 8.4692 8.29673 46.0387 46.0385 
134.3 8.4488 8.27662 46.1176 46.1174 
134.4 8.42839 8.25651 46.1965 46.1963 
134.5 8.40799 8.2364 46.2754 46.2752 
134.6 8.38759 8.21628 46.3543 46.354 
134.7 8.3672 8.19617 46.4332 46.4329 
134.8 8.3468 8.17606 46.5121 46.5118 
134.9 8.32641 8.15595 46.591 46.5907 
135 8.3064 8.13656 46.6706 46.6703 
135.1 8.28865 8.12157 46.7546 46.7544 
135.2 8.27208 8.10658 46.8386 46.8384 
135.3 8.25552 8.09159 46.9227 46.9224 
135.4 8.23937 8.0766 47.0067 47.0064 
135.5 8.22336 8.06161 47.0907 47.0904 
135.6 8.20739 8.04662 47.1747 47.1744 
135.7 8.19143 8.03163 47.2587 47.2585 
135.8 8.17549 8.01665 47.3427 47.3425 
135.9 8.1598 8.00166 47.4268 47.4265 
136 8.14412 7.98667 47.5108 47.5105 
136.1 8.12844 7.97168 47.5948 47.5945 
136.2 8.11277 7.95669 47.6788 47.6785 
136.3 8.09709 7.9417 47.7628 47.7625 
136.4 8.08142 7.92671 47.8468 47.8466 
136.5 8.06575 7.91172 47.9309 47.9306 
136.6 8.05008 7.89673 48.0149 48.0146 
136.7 8.03441 7.88174 48.0989 48.0986 
136.8 8.01879 7.86675 48.1829 48.1826 
136.9 8.00324 7.85176 48.2669 48.2666 
137 7.9877 7.83677 48.3509 48.3507 
137.1 7.97218 7.82178 48.435 48.4347 
137.2 7.95667 7.80679 48.519 48.5187 
137.3 7.94116 7.7918 48.603 48.6027 
137.4 7.92566 7.77681 48.687 48.6867 
137.5 7.91015 7.76182 48.771 48.7707 
137.6 7.89465 7.74683 48.855 48.8547 
137.7 7.87916 7.73184 48.9391 48.9388 
137.8 7.86366 7.71685 49.0231 49.0228 
137.9 7.84817 7.70186 49.1071 49.1068 
138 7.83267 7.68687 49.1911 49.1908 
138.1 7.81718 7.67188 49.2751 49.2748 
138.2 7.80169 7.6569 49.3591 49.3588 
138.3 7.7862 7.64191 49.4432 49.4429 
138.4 7.77072 7.62692 49.5272 49.5269 
138.5 7.75526 7.61193 49.6112 49.6109 
138.6 7.73981 7.59694 49.6952 49.6949 
138.7 7.72436 7.58195 49.7792 49.7789 
138.8 7.70894 7.56696 49.8632 49.8629 
138.9 7.69354 7.55197 49.9473 49.9469 
139 7.67815 7.53698 50.0313 50.031 
139.1 7.66275 7.52199 50.1153 50.115 
139.2 7.64737 7.507 50.1993 50.199 
139.3 7.632 7.49201 50.2833 50.283 
139.4 7.61662 7.47702 50.3674 50.367 
139.5 7.60126 7.46203 50.4514 50.451 
139.6 7.58591 7.44704 50.5354 50.5351 
139.7 7.57057 7.43205 50.6194 50.6191 
139.8 7.55522 7.41706 50.7034 50.7031 
139.9 7.53987 7.40207 50.7874 50.7871 
140 7.52452 7.38708 50.8715 50.8711 
140.1 7.50917 7.37209 50.9555 50.9551 
140.2 7.49383 7.3571 51.0395 51.0391 
140.3 7.4785 7.34211 51.1235 51.1232 
140.4 7.46316 7.32712 51.2075 51.2072 
140.5 7.44783 7.31213 51.2915 51.2912 
140.6 7.43251 7.29715 51.3756 51.3752 
140.7 7.41719 7.28216 51.4596 51.4592 
140.8 7.40187 7.26717 51.5436 51.5432 
140.9 7.38655 7.25218 51.6276 51.6273 
141 7.37124 7.23719 51.7116 51.7113 
141.1 7.35592 7.2222 51.7956 51.7953 
141.2 7.3406 7.20721 51.8797 51.8793 
141.3 7.32528 7.19222 51.9637 51.9633 
141.4 7.30996 7.17723 52.0477 52.0473 
141.5 7.29465 7.16224 52.1317 52.1313 
141.6 7.27933 7.14725 52.2157 52.2154 
141.7 7.26402 7.13226 52.2997 52.2994 
141.8 7.24872 7.11727 52.3838 52.3834 
141.9 7.23342 7.10228 52.4678 52.4674 
142 7.21813 7.08729 52.5518 52.5514 
142.1 7.20283 7.0723 52.6358 52.6354 
142.2 7.18754 7.05731 52.7198 52.7195 
142.3 7.17225 7.04232 52.8039 52.8035 
142.4 7.15698 7.02733 52.8879 52.8875 
142.5 7.1417 7.01234 52.9719 52.9715 
142.6 7.12642 6.99735 53.0559 53.0555 
142.7 7.11115 6.98236 53.1399 53.1395 
142.8 7.09588 6.96737 53.2239 53.2235 
142.9 7.08062 6.95238 53.308 53.3076 
143 7.06537 6.93739 53.392 53.3916 
143.1 7.05011 6.92241 53.476 53.4756 
143.2 7.03487 6.90742 53.56 53.5596 
143.3 7.01964 6.89243 53.644 53.6436 
143.4 7.0044 6.87744 53.728 53.7276 
143.5 6.98917 6.86245 53.8121 53.8117 
143.6 6.97394 6.84746 53.8961 53.8957 
143.7 6.9587 6.83247 53.9801 53.9797 
143.8 6.94347 6.81748 54.0641 54.0637 
143.9 6.92824 6.80249 54.1481 54.1477 
144 6.91301 6.7875 54.2322 54.2317 
144.1 6.89778 6.77251 54.3162 54.3157 
144.2 6.88255 6.75752 54.4002 54.3998 
144.3 6.86733 6.74253 54.4842 54.4838 
144.4 6.85211 6.72754 54.5682 54.5678 
144.5 6.83689 6.71255 54.6522 54.6518 
144.6 6.82167 6.69756 54.7363 54.7358 
144.7 6.80645 6.68257 54.8203 54.8198 
144.8 6.79124 6.66758 54.9043 54.9039 
144.9 6.77602 6.65259 54.9883 54.9879 
145 6.7608 6.6376 55.0723 55.0719 
145.1 6.74559 6.62261 55.1563 55.1559 
145.2 6.73039 6.60762 55.2404 55.2399 
145.3 6.7152 6.59263 55.3244 55.3239 
145.4 6.7 6.57764 55.4084 55.4079 
145.5 6.68481 6.56266 55.4924 55.492 
145.6 6.66962 6.54767 55.5764 55.576 
145.7 6.65443 6.53268 55.6605 55.66 
145.8 6.63924 6.51769 55.7445 55.744 
145.9 6.62405 6.5027 55.8285 55.828 
146 6.60887 6.48771 55.9125 55.912 
146.1 6.59368 6.47272 55.9965 55.9961 
146.2 6.57849 6.45773 56.0805 56.0801 
146.3 6.5633 6.44274 56.1646 56.1641 
146.4 6.54812 6.42775 56.2486 56.2481 
146.5 6.53293 6.41276 56.3326 56.3321 
146.6 6.51775 6.39777 56.4166 56.4161 
146.7 6.50257 6.38278 56.5006 56.5001 
146.8 6.48739 6.36779 56.5847 56.5842 
146.9 6.47221 6.3528 56.6687 56.6682 
147 6.45703 6.33781 56.7527 56.7522 
147.1 6.44185 6.32282 56.8367 56.8362 
147.2 6.42667 6.30783 56.9207 56.9202 
147.3 6.4115 6.29284 57.0047 57.0042 
147.4 6.39633 6.27785 57.0888 57.0883 
147.5 6.38116 6.26286 57.1728 57.1723 
147.6 6.36599 6.24787 57.2568 57.2563 
147.7 6.35082 6.23288 57.3408 57.3403 
147.8 6.33565 6.21789 57.4248 57.4243 
147.9 6.32048 6.20291 57.5088 57.5083 
148 6.30532 6.18792 57.5929 57.5923 
148.1 6.29015 6.17293 57.6769 57.6764 
148.2 6.27498 6.15794 57.7609 57.7604 
148.3 6.25981 6.14295 57.8449 57.8444 
148.4 6.24464 6.12796 57.9289 57.9284 
148.5 6.22948 6.11297 58.013 58.0124 
148.6 6.21431 6.09798 58.097 58.0964 
148.7 6.19914 6.08299 58.181 58.1805 
148.8 6.18398 6.068 58.265 58.2645 
148.9 6.16882 6.05301 58.349 58.3485 
149 6.15366 6.03802 58.433 58.4325 
149.1 6.1385 6.02303 58.5171 58.5165 
149.2 6.12373 6.00877 58.6018 58.6013 
149.3 6.11075 5.99796 58.69 58.6895 
149.4 6.09872 5.98714 58.7782 58.7776 
149.5 6.08674 5.97632 58.8664 58.8658 
149.6 6.07496 5.96551 58.9546 58.954 
149.7 6.06343 5.95469 59.0428 59.0422 
149.8 6.05192 5.94387 59.131 59.1304 
149.9 6.04043 5.93306 59.2192 59.2186 
150 6.02893 5.92224 59.3073 59.3068 
150.1 6.01749 5.91142 59.3955 59.395 
150.2 6.00622 5.90061 59.4837 59.4832 
150.3 5.99495 5.88979 59.5719 59.5713 
150.4 5.98368 5.87898 59.6601 59.6595 
150.5 5.97241 5.86816 59.7483 59.7477 
150.6 5.96114 5.85734 59.8365 59.8359 
150.7 5.94987 5.84653 59.9247 59.9241 
150.8 5.9386 5.83571 60.0129 60.0123 
150.9 5.92734 5.82489 60.1011 60.1005 
151 5.91607 5.81408 60.1893 60.1887 
151.1 5.90481 5.80326 60.2775 60.2768 
151.2 5.89359 5.79244 60.3656 60.365 
151.3 5.88242 5.78163 60.4538 60.4532 
151.4 5.87125 5.77081 60.542 60.5414 
151.5 5.86009 5.75999 60.6302 60.6296 
151.6 5.84894 5.74918 60.7184 60.7178 
151.7 5.8378 5.73836 60.8066 60.806 
151.8 5.82665 5.72755 60.8948 60.8942 
151.9 5.81551 5.71673 60.983 60.9824 
152 5.80437 5.70591 61.0712 61.0705 
152.1 5.79323 5.6951 61.1594 61.1587 
152.2 5.78209 5.68428 61.2476 61.2469 
152.3 5.77095 5.67346 61.3358 61.3351 
152.4 5.75981 5.66265 61.4239 61.4233 
152.5 5.74867 5.65183 61.5121 61.5115 
152.6 5.73753 5.64101 61.6003 61.5997 
152.7 5.7264 5.6302 61.6885 61.6879 
152.8 5.71526 5.61938 61.7767 61.7761 
152.9 5.70413 5.60857 61.8649 61.8642 
153 5.693 5.59775 61.9531 61.9524 
153.1 5.68189 5.58693 62.0413 62.0406 
153.2 5.67079 5.57612 62.1295 62.1288 
153.3 5.65968 5.5653 62.2177 62.217 
153.4 5.6486 5.55448 62.3059 62.3052 
153.5 5.63753 5.54367 62.3941 62.3934 
153.6 5.62646 5.53285 62.4822 62.4816 
153.7 5.61539 5.52203 62.5704 62.5698 
153.8 5.60433 5.51122 62.6586 62.6579 
153.9 5.59328 5.5004 62.7468 62.7461 
154 5.58222 5.48958 62.835 62.8343 
154.1 5.57117 5.47877 62.9232 62.9225 
154.2 5.56013 5.46795 63.0114 63.0107 
154.3 5.54909 5.45714 63.0996 63.0989 
154.4 5.53806 5.44632 63.1878 63.1871 
154.5 5.52702 5.4355 63.276 63.2753 
154.6 5.51599 5.42469 63.3642 63.3634 
154.7 5.50495 5.41387 63.4524 63.4516 
154.8 5.49391 5.40305 63.5406 63.5398 
154.9 5.48288 5.39224 63.6287 63.628 
155 5.47185 5.38142 63.7169 63.7162 
155.1 5.46083 5.3706 63.8051 63.8044 
155.2 5.4498 5.35979 63.8933 63.8926 
155.3 5.43878 5.34897 63.9815 63.9808 
155.4 5.42776 5.33815 64.0697 64.069 
155.5 5.41674 5.32734 64.1579 64.1571 
155.6 5.40572 5.31652 64.2461 64.2453 
155.7 5.3947 5.30571 64.3343 64.3335 
155.8 5.38369 5.29489 64.4225 64.4217 
155.9 5.37267 5.28407 64.5107 64.5099 
156 5.36165 5.27326 64.5989 64.5981 
156.1 5.35063 5.26244 64.687 64.6863 
156.2 5.33961 5.25162 64.7752 64.7745 
156.3 5.3286 5.24081 64.8634 64.8627 
156.4 5.31758 5.22999 64.9516 64.9508 
156.5 5.30656 5.21917 65.0398 65.039 
156.6 5.29555 5.20836 65.128 65.1272 
156.7 5.28454 5.19754 65.2162 65.2154 
156.8 5.27354 5.18673 65.3044 65.3036 
156.9 5.26253 5.17591 65.3926 65.3918 
157 5.25153 5.16509 65.4808 65.48 
157.1 5.24053 5.15428 65.569 65.5682 
157.2 5.22953 5.14346 65.6572 65.6564 
157.3 5.21853 5.13264 65.7454 65.7445 
157.4 5.20754 5.12183 65.8335 65.8327 
157.5 5.19655 5.11101 65.9217 65.9209 
157.6 5.18556 5.10019 66.0099 66.0091 
157.7 5.17457 5.08938 66.0981 66.0973 
157.8 5.16358 5.07856 66.1863 66.1855 
157.9 5.1526 5.06774 66.2745 66.2737 
158 5.14163 5.05693 66.3627 66.3619 
158.1 5.13065 5.04611 66.4509 66.45 
158.2 5.11968 5.0353 66.5391 66.5382 
158.3 5.10872 5.02448 66.6273 66.6264 
158.4 5.09775 5.01366 66.7155 66.7146 
158.5 5.08679 5.00285 66.8037 66.8028 
158.6 5.07583 4.99203 66.8919 66.891 
158.7 5.06487 4.98121 66.9801 66.9792 
158.8 5.05391 4.9704 67.0682 67.0674 
158.9 5.04295 4.95958 67.1564 67.1556 
159 5.03199 4.94876 67.2446 67.2437 
159.1 5.02103 4.93795 67.3328 67.3319 
159.2 5.01007 4.92713 67.421 67.4201 
159.3 4.99911 4.91632 67.5092 67.5083 
159.4 4.98815 4.9055 67.5974 67.5965 
159.5 4.9772 4.89468 67.6856 67.6847 
159.6 4.96624 4.88387 67.7738 67.7729 
159.7 4.95529 4.87305 67.862 67.8611 
159.8 4.94434 4.86223 67.9502 67.9493 
159.9 4.93338 4.85142 68.0384 68.0374 
160 4.92243 4.8406 68.1266 68.1256 
160.1 4.91148 4.82978 68.2147 68.2138 
160.2 4.90052 4.81897 68.3029 68.302 
160.3 4.88957 4.80815 68.3911 68.3902 
160.4 4.87863 4.79733 68.4793 68.4784 
160.5 4.86769 4.78652 68.5675 68.5666 
160.6 4.85676 4.7757 68.6557 68.6548 
160.7 4.84582 4.76489 68.7439 68.743 
160.8 4.83488 4.75407 68.8321 68.8311 
160.9 4.82395 4.74325 68.9203 68.9193 
161 4.81301 4.73244 69.0085 69.0075 
161.1 4.80208 4.72162 69.0967 69.0957 
161.2 4.79115 4.7108 69.1849 69.1839 
161.3 4.78021 4.69999 69.2731 69.2721 
161.4 4.76928 4.68917 69.3613 69.3603 
161.5 4.75835 4.67835 69.4495 69.4485 
161.6 4.74741 4.66754 69.5376 69.5366 
161.7 4.73648 4.65672 69.6258 69.6248 
161.8 4.72555 4.64591 69.714 69.713 
161.9 4.71462 4.63509 69.8022 69.8012 
162 4.70368 4.62427 69.8904 69.8894 
162.1 4.69275 4.61346 69.9786 69.9776 
162.2 4.68183 4.60264 70.0668 70.0658 
162.3 4.6709 4.59182 70.155 70.154 
162.4 4.65997 4.58101 70.2432 70.2422 
162.5 4.64904 4.57019 70.3314 70.3303 
162.6 4.63811 4.55937 70.4196 70.4185 
162.7 4.62719 4.54856 70.5078 70.5067 
162.8 4.61626 4.53774 70.596 70.5949 
162.9 4.60534 4.52692 70.6842 70.6831 
163 4.59442 4.51611 70.7723 70.7713 
163.1 4.58349 4.50529 70.8605 70.8595 
163.2 4.57257 4.49448 70.9487 70.9477 
163.3 4.56165 4.48366 71.0369 71.0359 
163.4 4.55073 4.47284 71.1251 71.124 
163.5 4.53981 4.46203 71.2133 71.2122 
163.6 4.52888 4.45121 71.3015 71.3004 
163.7 4.51796 4.44039 71.3897 71.3886 
163.8 4.50704 4.42958 71.4779 71.4768 
163.9 4.49612 4.41876 71.5661 71.565 
164 4.4852 4.40794 71.6543 71.6532 
164.1 4.47427 4.39713 71.7425 71.7414 
164.2 4.46335 4.38631 71.8307 71.8296 
164.3 4.45243 4.3755 71.9189 71.9177 
164.4 4.44151 4.36468 72.0071 72.0059 
164.5 4.43059 4.35386 72.0952 72.0941 
164.6 4.41968 4.34305 72.1834 72.1823 
164.7 4.40876 4.33223 72.2716 72.2705 
164.8 4.39784 4.32141 72.3598 72.3587 
164.9 4.38742 4.31151 72.4489 72.4478 
165 4.37825 4.30396 72.5404 72.5392 
165.1 4.36981 4.29641 72.6319 72.6307 
165.2 4.36143 4.28886 72.7233 72.7222 
165.3 4.3531 4.28131 72.8148 72.8136 
165.4 4.34507 4.27376 72.9062 72.9051 
165.5 4.33704 4.26621 72.9977 72.9965 
165.6 4.32903 4.25866 73.0892 73.088 
165.7 4.32103 4.25112 73.1806 73.1794 
165.8 4.31302 4.24357 73.2721 73.2709 
165.9 4.30508 4.23602 73.3635 73.3623 
166 4.29724 4.22847 73.455 73.4538 
166.1 4.2894 4.22092 73.5465 73.5453 
166.2 4.28156 4.21337 73.6379 73.6367 
166.3 4.27372 4.20582 73.7294 73.7282 
166.4 4.26588 4.19827 73.8209 73.8196 
166.5 4.25804 4.19072 73.9123 73.9111 
166.6 4.2502 4.18317 74.0038 74.0025 
166.7 4.24236 4.17562 74.0952 74.094 
166.8 4.23452 4.16808 74.1867 74.1854 
166.9 4.22669 4.16053 74.2782 74.2769 
167 4.21885 4.15298 74.3696 74.3684 
167.1 4.21105 4.14543 74.4611 74.4598 
167.2 4.20328 4.13788 74.5525 74.5513 
167.3 4.19551 4.13033 74.644 74.6427 
167.4 4.18775 4.12278 74.7355 74.7342 
167.5 4.17999 4.11523 74.8269 74.8256 
167.6 4.17224 4.10768 74.9184 74.9171 
167.7 4.16449 4.10013 75.0098 75.0085 
167.8 4.15674 4.09259 75.1013 75.1 
167.9 4.14899 4.08504 75.1928 75.1915 
168 4.14124 4.07749 75.2842 75.2829 
168.1 4.13349 4.06994 75.3757 75.3744 
168.2 4.12574 4.06239 75.4672 75.4658 
168.3 4.11799 4.05484 75.5586 75.5573 
168.4 4.11024 4.04729 75.6501 75.6487 
168.5 4.10249 4.03974 75.7415 75.7402 
168.6 4.09474 4.03219 75.833 75.8317 
168.7 4.087 4.02464 75.9245 75.9231 
168.8 4.07925 4.01709 76.0159 76.0146 
168.9 4.0715 4.00955 76.1074 76.106 
169 4.06376 4.002 76.1988 76.1975 
169.1 4.05602 3.99445 76.2903 76.2889 
169.2 4.04829 3.9869 76.3818 76.3804 
169.3 4.04056 3.97935 76.4732 76.4718 
169.4 4.03284 3.9718 76.5647 76.5633 
169.5 4.02512 3.96425 76.6562 76.6548 
169.6 4.01742 3.9567 76.7476 76.7462 
169.7 4.00972 3.94915 76.8391 76.8377 
169.8 4.00202 3.9416 76.9305 76.9291 
169.9 3.99432 3.93406 77.022 77.0206 
170 3.98663 3.92651 77.1135 77.112 
170.1 3.97894 3.91896 77.2049 77.2035 
170.2 3.97125 3.91141 77.2964 77.2949 
170.3 3.96355 3.90386 77.3879 77.3864 
170.4 3.95587 3.89631 77.4793 77.4779 
170.5 3.94819 3.88876 77.5708 77.5693 
170.6 3.94051 3.88121 77.6622 77.6608 
170.7 3.93283 3.87366 77.7537 77.7522 
170.8 3.92516 3.86611 77.8452 77.8437 
170.9 3.91748 3.85857 77.9366 77.9351 
171 3.9098 3.85102 78.0281 78.0266 
171.1 3.90212 3.84347 78.1196 78.1181 
171.2 3.89444 3.83592 78.211 78.2095 
171.3 3.88677 3.82837 78.3025 78.301 
171.4 3.87909 3.82082 78.3939 78.3924 
171.5 3.87142 3.81327 78.4854 78.4839 
171.6 3.86375 3.80572 78.5769 78.5753 
171.7 3.85608 3.79817 78.6683 78.6668 
171.8 3.84841 3.79062 78.7598 78.7582 
171.9 3.84074 3.78307 78.8512 78.8497 
172 3.83307 3.77553 78.9427 78.9412 
172.1 3.8254 3.76798 79.0342 79.0326 
172.2 3.81773 3.76043 79.1256 79.1241 
172.3 3.81006 3.75288 79.2171 79.2155 
172.4 3.8024 3.74533 79.3086 79.307 
172.5 3.79473 3.73778 79.4 79.3984 
172.6 3.78706 3.73023 79.4915 79.4899 
172.7 3.77939 3.72268 79.5829 79.5813 
172.8 3.77172 3.71513 79.6744 79.6728 
172.9 3.76405 3.70758 79.7659 79.7643 
173 3.75639 3.70004 79.8573 79.8557 
173.1 3.74872 3.69249 79.9488 79.9472 
173.2 3.74106 3.68494 80.0403 80.0386 
173.3 3.7334 3.67739 80.1317 80.1301 
173.4 3.72574 3.66984 80.2232 80.2215 
173.5 3.71808 3.66229 80.3146 80.313 
173.6 3.71042 3.65474 80.4061 80.4044 
173.7 3.70276 3.64719 80.4976 80.4959 
173.8 3.6951 3.63964 80.589 80.5874 
173.9 3.68745 3.63209 80.6805 80.6788 
174 3.6798 3.62454 80.772 80.7703 
174.1 3.67215 3.617 80.8634 80.8617 
174.2 3.66449 3.60945 80.9549 80.9532 
174.3 3.65684 3.6019 81.0464 81.0446 
174.4 3.64919 3.59435 81.1378 81.1361 
174.5 3.64155 3.5868 81.2293 81.2276 
174.6 3.63391 3.57925 81.3207 81.319 
174.7 3.62626 3.5717 81.4122 81.4105 
174.8 3.61862 3.56415 81.5037 81.5019 
174.9 3.61099 3.5566 81.5951 81.5934 
175 3.60336 3.54905 81.6866 81.6848 
175.1 3.59572 3.54151 81.7781 81.7763 
175.2 3.58809 3.53396 81.8695 81.8677 
175.3 3.58046 3.52641 81.961 81.9592 
175.4 3.57282 3.51886 82.0524 82.0507 
175.5 3.56519 3.51131 82.1439 82.1421 
175.6 3.55756 3.50376 82.2354 82.2336 
175.7 3.54993 3.49621 82.3268 82.325 
175.8 3.5423 3.48866 82.4183 82.4165 
175.9 3.53467 3.48111 82.5098 82.5079 
176 3.52703 3.47356 82.6012 82.5994 
176.1 3.5194 3.46602 82.6927 82.6908 
176.2 3.51177 3.45847 82.7841 82.7823 
176.3 3.50414 3.45092 82.8756 82.8738 
176.4 3.49652 3.44337 82.9671 82.9652 
176.5 3.48889 3.43582 83.0585 83.0567 
176.6 3.48126 3.42827 83.15 83.1481 
176.7 3.47363 3.42072 83.2415 83.2396 
176.8 3.466 3.41317 83.3329 83.331 
176.9 3.45838 3.40562 83.4244 83.4225 
177 3.45075 3.39807 83.5159 83.514 
177.1 3.44312 3.39052 83.6073 83.6054 
177.2 3.4355 3.38298 83.6988 83.6969 
177.3 3.42787 3.37543 83.7902 83.7883 
177.4 3.42026 3.36788 83.8817 83.8798 
177.5 3.41264 3.36033 83.9732 83.9712 
177.6 3.40502 3.35278 84.0646 84.0627 
177.7 3.39741 3.34523 84.1561 84.1541 
177.8 3.38979 3.33768 84.2476 84.2456 
177.9 3.38217 3.33013 84.339 84.3371 
178 3.37456 3.32258 84.4305 84.4285 
178.1 3.36694 3.31503 84.522 84.52 
178.2 3.35932 3.30749 84.6134 84.6114 
178.3 3.35171 3.29994 84.7049 84.7029 
178.4 3.34409 3.29239 84.7963 84.7943 
178.5 3.33648 3.28484 84.8878 84.8858 
178.6 3.32886 3.27729 84.9793 84.9772 
178.7 3.32125 3.26974 85.0707 85.0687 
178.8 3.31363 3.26219 85.1622 85.1602 
178.9 3.30602 3.25464 85.2537 85.2516 
179 3.2984 3.24709 85.3451 85.3431 
179.1 3.29078 3.23954 85.4366 85.4345 
179.2 3.28317 3.23199 85.5281 85.526 
179.3 3.27556 3.22445 85.6195 85.6174 
179.4 3.26795 3.2169 85.711 85.7089 
179.5 3.26033 3.20935 85.8024 85.8004 
179.6 3.25272 3.2018 85.8939 85.8918 
179.7 3.24511 3.19425 85.9854 85.9833 
179.8 3.2375 3.1867 86.0768 86.0747 
179.9 3.22989 3.17915 86.1683 86.1662 
180 3.22228 3.1716 86.2598 86.2576 
180.1 3.21466 3.16405 86.3512 86.3491 
180.2 3.20705 3.1565 86.4427 86.4405 
180.3 3.19945 3.14896 86.5342 86.532 
180.4 3.19184 3.14141 86.6256 86.6235 
180.5 3.18423 3.13386 86.7171 86.7149 
180.6 3.17662 3.12631 86.8086 86.8064 
180.7 3.16901 3.11876 86.9 86.8978 
180.8 3.1614 3.11121 86.9915 86.9893 
180.9 3.15379 3.10366 87.0829 87.0807 
181 3.14618 3.09611 87.1744 87.1722 
181.1 3.13857 3.08856 87.2659 87.2636 
181.2 3.13096 3.08101 87.3573 87.3551 
181.3 3.12335 3.07347 87.4488 87.4466 
181.4 3.11574 3.06592 87.5403 87.538 
181.5 3.10813 3.05837 87.6317 87.6295 
181.6 3.10052 3.05082 87.7232 87.7209 
181.7 3.09291 3.04327 87.8147 87.8124 
181.8 3.0853 3.03572 87.9061 87.9038 
181.9 3.0777 3.02817 87.9976 87.9953 
182 3.07009 3.02062 88.0891 88.0867 
182.1 3.06249 3.01307 88.1805 88.1782 
182.2 3.05488 3.00552 88.272 88.2697 
182.3 3.04846 3.00014 88.3656 88.3633 
182.4 3.04243 2.99505 88.4595 88.4572 
182.5 3.03677 2.98996 88.5535 88.5511 
182.6 3.0311 2.98487 88.6474 88.645 
182.7 3.02552 2.97978 88.7413 88.7389 
182.8 3.02011 2.97468 88.8352 88.8329 
182.9 3.0147 2.96959 88.9292 88.9268 
183 3.0093 2.9645 89.0231 89.0207 
183.1 3.00391 2.95941 89.117 89.1146 
183.2 2.99852 2.95432 89.2109 89.2085 
183.3 2.99313 2.94923 89.3048 89.3024 
183.4 2.98785 2.94414 89.3988 89.3963 
183.5 2.98258 2.93905 89.4927 89.4902 
183.6 2.97731 2.93396 89.5866 89.5842 
183.7 2.97204 2.92886 89.6805 89.6781 
183.8 2.96676 2.92377 89.7745 89.772 
183.9 2.96149 2.91868 89.8684 89.8659 
184 2.95622 2.91359 89.9623 89.9598 
184.1 2.95095 2.9085 90.0562 90.0537 
184.2 2.94568 2.90341 90.1502 90.1476 
184.3 2.94041 2.89832 90.2441 90.2416 
184.4 2.93513 2.89323 90.338 90.3355 
184.5 2.92986 2.88813 90.4319 90.4294 
184.6 2.92459 2.88304 90.5258 90.5233 
184.7 2.91936 2.87795 90.6198 90.6172 
184.8 2.91414 2.87286 90.7137 90.7111 
184.9 2.90892 2.86777 90.8076 90.805 
185 2.9037 2.86268 90.9015 90.899 
185.1 2.89848 2.85759 90.9955 90.9929 
185.2 2.89327 2.8525 91.0894 91.0868 
185.3 2.88806 2.84741 91.1833 91.1807 
185.4 2.88285 2.84231 91.2772 91.2746 
185.5 2.87763 2.83722 91.3712 91.3685 
185.6 2.87242 2.83213 91.4651 91.4624 
185.7 2.86721 2.82704 91.559 91.5564 
185.8 2.862 2.82195 91.6529 91.6503 
185.9 2.85679 2.81686 91.7469 91.7442 
186 2.85158 2.81177 91.8408 91.8381 
186.1 2.84637 2.80668 91.9347 91.932 
186.2 2.84115 2.80158 92.0286 92.0259 
186.3 2.83594 2.79649 92.1225 92.1198 
186.4 2.83073 2.7914 92.2165 92.2137 
186.5 2.82552 2.78631 92.3104 92.3077 
186.6 2.82031 2.78122 92.4043 92.4016 
186.7 2.8151 2.77613 92.4982 92.4955 
186.8 2.8099 2.77104 92.5922 92.5894 
186.9 2.80469 2.76595 92.6861 92.6833 
187 2.79949 2.76086 92.78 92.7772 
187.1 2.7943 2.75576 92.8739 92.8711 
187.2 2.7891 2.75067 92.9679 92.9651 
187.3 2.78391 2.74558 93.0618 93.059 
187.4 2.77873 2.74049 93.1557 93.1529 
187.5 2.77355 2.7354 93.2496 93.2468 
187.6 2.76837 2.73031 93.3436 93.3407 
187.7 2.76319 2.72522 93.4375 93.4346 
187.8 2.75801 2.72013 93.5314 93.5285 
187.9 2.75284 2.71503 93.6253 93.6225 
188 2.74767 2.70994 93.7193 93.7164 
188.1 2.74249 2.70485 93.8132 93.8103 
188.2 2.73732 2.69976 93.9071 93.9042 
188.3 2.73215 2.69467 94.001 93.9981 
188.4 2.72699 2.68958 94.095 94.092 
188.5 2.72182 2.68449 94.1889 94.1859 
188.6 2.71665 2.6794 94.2828 94.2799 
188.7 2.71149 2.67431 94.3767 94.3738 
188.8 2.70632 2.66921 94.4706 94.4677 
188.9 2.70116 2.66412 94.5646 94.5616 
189 2.69599 2.65903 94.6585 94.6555 
189.1 2.69083 2.65394 94.7524 94.7494 
189.2 2.68566 2.64885 94.8463 94.8433 
189.3 2.6805 2.64376 94.9403 94.9372 
189.4 2.67534 2.63867 95.0342 95.0312 
189.5 2.67017 2.63358 95.1281 95.1251 
189.6 2.66501 2.62848 95.222 95.219 
189.7 2.65985 2.62339 95.316 95.3129 
189.8 2.65469 2.6183 95.4099 95.4068 
189.9 2.64953 2.61321 95.5038 95.5007 
190 2.64437 2.60812 95.5977 95.5946 
190.1 2.63921 2.60303 95.6917 95.6886 
190.2 2.63405 2.59794 95.7856 95.7825 
190.3 2.62889 2.59285 95.8795 95.8764 
190.4 2.62373 2.58776 95.9734 95.9703 
190.5 2.61857 2.58266 96.0674 96.0642 
190.6 2.61341 2.57757 96.1613 96.1581 
190.7 2.60825 2.57248 96.2552 96.252 
190.8 2.60309 2.56739 96.3491 96.346 
190.9 2.59793 2.5623 96.4431 96.4399 
191 2.59277 2.55721 96.537 96.5338 
191.1 2.58761 2.55212 96.6309 96.6277 
191.2 2.58245 2.54703 96.7248 96.7216 
191.3 2.57729 2.54193 96.8188 96.8155 
191.4 2.57214 2.53684 96.9127 96.9094 
191.5 2.56698 2.53175 97.0066 97.0034 
191.6 2.56183 2.52666 97.1005 97.0973 
191.7 2.55667 2.52157 97.1945 97.1912 
191.8 2.55152 2.51648 97.2884 97.2851 
191.9 2.54636 2.51139 97.3823 97.379 
192 2.54121 2.5063 97.4762 97.4729 
192.1 2.53606 2.50121 97.5702 97.5668 
192.2 2.5309 2.49611 97.6641 97.6607 
192.3 2.52575 2.49102 97.758 97.7547 
192.4 2.5206 2.48593 97.8519 97.8486 
192.5 2.51545 2.48084 97.9459 97.9425 
192.6 2.5103 2.47575 98.0398 98.0364 
192.7 2.50515 2.47066 98.1337 98.1303 
192.8 2.50001 2.46557 98.2277 98.2242 
192.9 2.49486 2.46048 98.3216 98.3181 
193 2.48972 2.45538 98.4155 98.4121 
193.1 2.48458 2.45029 98.5094 98.506 
193.2 2.47943 2.4452 98.6034 98.5999 
193.3 2.4743 2.44011 98.6973 98.6938 
193.4 2.46916 2.43502 98.7912 98.7877 
193.5 2.46402 2.42993 98.8851 98.8816 
193.6 2.45888 2.42484 98.9791 98.9755 
193.7 2.45374 2.41975 99.073 99.0695 
193.8 2.44861 2.41466 99.1669 99.1634 
193.9 2.44347 2.40956 99.2608 99.2573 
194 2.43833 2.40447 99.3548 99.3512 
194.1 2.43319 2.39938 99.4487 99.4451 
194.2 2.42806 2.39429 99.5426 99.539 
194.3 2.42292 2.3892 99.6365 99.6329 
194.4 2.41778 2.38411 99.7305 99.7269 
194.5 2.41264 2.37902 99.8244 99.8208 
194.6 2.40751 2.37393 99.9183 99.9147 
194.7 2.40237 2.36883 100.012 100.009 
194.8 2.39724 2.36374 100.106 100.103 
194.9 2.3921 2.35865 100.2 100.196 
195 2.38697 2.35356 100.294 100.29 
195.1 2.38183 2.34847 100.388 100.384 
195.2 2.37669 2.34338 100.482 100.478 
195.3 2.37156 2.33829 100.576 100.572 
195.4 2.36642 2.3332 100.67 100.666 
195.5 2.36129 2.32811 100.764 100.76 
195.6 2.35615 2.32301 100.858 100.854 
195.7 2.35102 2.31792 100.952 100.948 
195.8 2.34588 2.31283 101.045 101.042 
195.9 2.34075 2.30774 101.139 101.136 
196 2.33562 2.30265 101.233 101.229 
196.1 2.33049 2.29756 101.327 101.323 
196.2 2.32536 2.29247 101.421 101.417 
196.3 2.32024 2.28738 101.515 101.511 
196.4 2.31511 2.28228 101.609 101.605 
196.5 2.30998 2.27719 101.703 101.699 
196.6 2.30485 2.2721 101.797 101.793 
196.7 2.29972 2.26701 101.891 101.887 
196.8 2.29459 2.26192 101.985 101.981 
196.9 2.28947 2.25683 102.079 102.075 
197 2.28434 2.25174 102.173 102.169 
197.1 2.27921 2.24665 102.266 102.263 
197.2 2.27408 2.24156 102.36 102.356 
197.3 2.26895 2.23646 102.454 102.45 
197.4 2.26383 2.23137 102.548 102.544 
197.5 2.2587 2.22628 102.642 102.638 
197.6 2.25357 2.22119 102.736 102.732 
197.7 2.24844 2.2161 102.83 102.826 
197.8 2.24331 2.21101 102.924 102.92 
197.9 2.23819 2.20592 103.018 103.014 
198 2.23306 2.20083 103.112 103.108 
198.1 2.22793 2.19573 103.206 103.202 
198.2 2.22281 2.19064 103.3 103.296 
198.3 2.21768 2.18555 103.394 103.389 
198.4 2.21255 2.18046 103.488 103.483 
198.5 2.20743 2.17537 103.581 103.577 
198.6 2.2023 2.17028 103.675 103.671 
198.7 2.19718 2.16519 103.769 103.765 
198.8 2.19205 2.1601 103.863 103.859 
198.9 2.18692 2.15501 103.957 103.953 
199 2.1818 2.14991 104.051 104.047 
199.1 2.17667 2.14482 104.145 104.141 
199.2 2.17155 2.13973 104.239 104.235 
199.3 2.16642 2.13464 104.333 104.329 
199.4 2.1613 2.12955 104.427 104.423 
199.5 2.15618 2.12446 104.521 104.516 
199.6 2.15105 2.11937 104.615 104.61 
199.7 2.14593 2.11428 104.709 104.704 
199.8 2.1408 2.10918 104.803 104.798 
199.9 2.13568 2.10409 104.896 104.892 
200 2.13055 2.099 104.99 104.986 
